#Layer_Color=16711935
#
#Feature symbol names
#
$0 r1

#
#Feature attribute names
#

#
#Layer features
#
L 0 0 0 0.005 0 P 0
L 0 0 0 3.55 0 P 0
L 0 0 3.725 0 0 P 0
L 0 3.55 2.6 3.55 0 P 0
L 0.655 0.7 0.655 1.3 0 P 0
L 0.655 0.7 0.655 1.3 0 P 0
L 0.655 0.7 0.665 0.7 0 P 0
L 0.655 0.7 0.695 0.7 0 P 0
L 0.655 1.3 0.695 1.3 0 P 0
L 0.655 1.3 0.695 1.3 0 P 0
L 0.665 0.7 0.685 0.7 0 P 0
L 0.685 0.7 0.695 0.7 0 P 0
L 0.69 0.61 0.69 0.65 0 P 0
L 0.69 0.61 0.69 0.65 0 P 0
L 0.69 0.61 1.08 0.61 0 P 0
L 0.69 0.61 1.08 0.61 0 P 0
L 0.69 0.65 1.08 0.65 0 P 0
L 0.69 0.65 1.08 0.65 0 P 0
L 0.695 0.7 0.695 1.3 0 P 0
L 0.695 0.7 0.695 1.3 0 P 0
L 0.88 1.33 0.88 1.67 0 P 0
L 0.88 1.33 0.92 1.33 0 P 0
L 0.88 1.67 0.92 1.67 0 P 0
L 0.92 1.33 0.92 1.67 0 P 0
L 0.95 1.685 0.95 1.725 0 P 0
L 0.95 1.685 1.405 1.685 0 P 0
L 0.95 1.725 1.405 1.725 0 P 0
L 1.025 1.93 1.025 2.545 0 P 0
L 1.025 1.93 1.065 1.93 0 P 0
L 1.025 2.545 1.065 2.545 0 P 0
L 1.025 2.81 1.025 3.06 0 P 0
L 1.025 2.81 1.065 2.81 0 P 0
L 1.025 3.06 1.065 3.06 0 P 0
L 1.065 1.93 1.065 2.545 0 P 0
L 1.065 2.81 1.065 3.06 0 P 0
L 1.08 0.61 1.08 0.65 0 P 0
L 1.08 0.61 1.08 0.65 0 P 0
L 1.08 0.7 1.08 1.3 0 P 0
L 1.08 0.7 1.08 1.37 0 P 0
L 1.08 0.7 1.09 0.7 0 P 0
L 1.08 0.7 1.12 0.7 0 P 0
L 1.08 1.37 1.12 1.37 0 P 0
L 1.09 0.7 1.11 0.7 0 P 0
L 1.11 0.7 1.12 0.7 0 P 0
L 1.11 1.915 1.11 1.955 0 P 0
L 1.11 1.915 1.405 1.915 0 P 0
L 1.11 1.955 1.405 1.955 0 P 0
L 1.11 2.54 1.11 2.58 0 P 0
L 1.11 2.54 1.405 2.54 0 P 0
L 1.11 2.58 1.405 2.58 0 P 0
L 1.11 2.805 1.11 2.845 0 P 0
L 1.11 2.805 1.405 2.805 0 P 0
L 1.11 2.845 1.405 2.845 0 P 0
L 1.12 0.7 1.12 1.3 0 P 0
L 1.12 0.7 1.12 1.37 0 P 0
L 1.16 1.41 1.16 1.46 0 P 0
L 1.16 1.41 2.855 1.41 0 P 0
L 1.16 1.46 2.855 1.46 0 P 0
L 1.405 1.685 1.405 1.725 0 P 0
L 1.405 1.915 1.405 1.955 0 P 0
L 1.405 2.54 1.405 2.58 0 P 0
L 1.405 2.805 1.405 2.845 0 P 0
L 1.435 1.74 1.435 1.895 0 P 0
L 1.435 1.74 1.475 1.74 0 P 0
L 1.435 1.895 1.475 1.895 0 P 0
L 1.435 2.595 1.435 2.785 0 P 0
L 1.435 2.595 1.475 2.595 0 P 0
L 1.435 2.785 1.475 2.785 0 P 0
L 1.475 1.74 1.475 1.895 0 P 0
L 1.475 2.595 1.475 2.785 0 P 0
L 1.82 0.0924159 1.82 0.555 0 P 0
L 1.82 0.0924159 1.86 0.0924159 0 P 0
L 1.82 0.555 1.86 0.555 0 P 0
L 1.86 0.0924159 1.86 0.555 0 P 0
L 1.89 0.56 1.89 0.6 0 P 0
L 1.89 0.56 2.855 0.56 0 P 0
L 1.89 0.6 2.855 0.6 0 P 0
L 2.6 3.4899999 3.35 3.49 0 P 0
L 2.6 3.49 2.6 3.55 0 P 0
L 2.775 3.045 2.775 3.245 0 P 0
L 2.775 3.045 2.795 3.045 0 P 0
L 2.775 3.245 2.795 3.245 0 P 0
L 2.795 3.045 2.795 3.245 0 P 0
L 2.81 2.985 2.81 3.005 0 P 0
L 2.81 2.985 3.06 2.985 0 P 0
L 2.81 3.005 3.06 3.005 0 P 0
L 2.81 3.29 2.81 3.31 0 P 0
L 2.81 3.29 3.06 3.29 0 P 0
L 2.81 3.31 3.06 3.31 0 P 0
L 2.855 0.56 2.855 0.6 0 P 0
L 2.855 1.41 2.855 1.46 0 P 0
L 2.92 0.6251682 2.92 1.37 0 P 0
L 2.92 0.6251682 2.96 0.6251682 0 P 0
L 2.92 1.37 2.96 1.37 0 P 0
L 2.96 0.6251682 2.96 1.37 0 P 0
L 3.06 2.985 3.06 3.005 0 P 0
L 3.06 3.29 3.06 3.31 0 P 0
L 3.07 3.05 3.07 3.25 0 P 0
L 3.07 3.05 3.09 3.05 0 P 0
L 3.07 3.25 3.09 3.25 0 P 0
L 3.09 3.05 3.09 3.25 0 P 0
L 3.35 3.49 3.35 3.55 0 P 0
L 3.35 3.55 3.725 3.55 0 P 0
L 3.725 0 3.725 3.55 0 P 0
