#Layer_Color=16711935
#
#Feature symbol names
#
$0 r0.5118
$1 r0.5
$2 r1
$3 r5

#
#Feature attribute names
#
@0 .nomenclature
@1 .string
@2 .string_angle

#
#Feature attribute text strings
#

#
#Layer features
#
L 0.5349 1.4912 0.5349 2.1212 3 P 0
L 0.5349 1.4912 1.4049 1.4912 3 P 0
L 0.5349 2.1212 1.4049 2.1212 3 P 0
L 0.5399 2.3762 0.5399 3.0062 3 P 0
L 0.5399 2.3762 1.4099 2.3762 3 P 0
L 0.5399 3.0062 1.4099 3.0062 3 P 0
L 0.574 0.035 1.084 0.035 0 P 0
L 0.575 0.05 0.575 0.329 0 P 0
L 0.575 0.329 1.085 0.329 0 P 0
L 0.6 0.765 0.6 0.965 2 P 0
L 0.6 0.765 0.75 0.765 2 P 0
L 0.6 0.965 0.75 0.965 2 P 0
L 0.65495 0.935 0.65495 0.965 2 P 0
L 0.65495 0.935 0.69495 0.935 2 P 0
L 0.69495 0.935 0.69495 0.965 2 P 0
L 0.75 0.765 0.75 0.965 2 P 0
L 1.085 0.05 1.085 0.329 0 P 0
L 1.4049 1.4912 1.4049 2.1212 3 P 0
L 1.4099 2.3762 1.4099 3.0062 3 P 0
L 1.545 1.965 1.545 1.985 1 P 0
L 1.545 1.965 1.575 1.965 1 P 0
L 1.545 1.985 1.575 1.985 1 P 0
L 1.565 2.5 1.565 2.52 1 P 0
L 1.565 2.5 1.595 2.5 1 P 0
L 1.565 2.52 1.595 2.52 1 P 0
L 1.565 2.735 1.565 2.755 1 P 0
L 1.565 2.735 1.595 2.735 1 P 0
L 1.565 2.755 1.595 2.755 1 P 0
L 1.575315 1.9169291 1.575315 2.0340551 1 P 0
L 1.575315 1.9169291 1.614685 1.9169291 1 P 0
L 1.575315 2.0340551 1.614685 2.0340551 1 P 0
L 1.585 1.665 1.585 1.685 1 P 0
L 1.585 1.665 1.615 1.665 1 P 0
L 1.585 1.685 1.615 1.685 1 P 0
L 1.595315 2.4519291 1.595315 2.5690551 1 P 0
L 1.595315 2.4519291 1.634685 2.4519291 1 P 0
L 1.595315 2.5690551 1.634685 2.5690551 1 P 0
L 1.595315 2.6869291 1.595315 2.8040551 1 P 0
L 1.595315 2.6869291 1.634685 2.6869291 1 P 0
L 1.595315 2.8040551 1.634685 2.8040551 1 P 0
L 1.614685 1.9169291 1.614685 2.0340551 1 P 0
L 1.615 1.925 1.645 1.925 1 P 0
L 1.615 1.95 1.645 1.95 1 P 0
L 1.615 2 1.645 2 1 P 0
L 1.615 2.025 1.645 2.025 1 P 0
L 1.615315 1.6169291 1.615315 1.7340551 1 P 0
L 1.615315 1.6169291 1.654685 1.6169291 1 P 0
L 1.615315 1.7340551 1.654685 1.7340551 1 P 0
L 1.634685 2.4519291 1.634685 2.5690551 1 P 0
L 1.634685 2.6869291 1.634685 2.8040551 1 P 0
L 1.635 2.46 1.665 2.46 1 P 0
L 1.635 2.485 1.665 2.485 1 P 0
L 1.635 2.535 1.665 2.535 1 P 0
L 1.635 2.56 1.665 2.56 1 P 0
L 1.635 2.695 1.665 2.695 1 P 0
L 1.635 2.72 1.665 2.72 1 P 0
L 1.635 2.77 1.665 2.77 1 P 0
L 1.635 2.795 1.665 2.795 1 P 0
L 1.645 1.925 1.645 1.95 1 P 0
L 1.645 2 1.645 2.025 1 P 0
L 1.654685 1.6169291 1.654685 1.7340551 1 P 0
L 1.655 1.625 1.685 1.625 1 P 0
L 1.655 1.65 1.685 1.65 1 P 0
L 1.655 1.7 1.685 1.7 1 P 0
L 1.655 1.725 1.685 1.725 1 P 0
L 1.665 2.46 1.665 2.485 1 P 0
L 1.665 2.535 1.665 2.56 1 P 0
L 1.665 2.695 1.665 2.72 1 P 0
L 1.665 2.77 1.665 2.795 1 P 0
L 1.685 1.625 1.685 1.65 1 P 0
L 1.685 1.7 1.685 1.725 1 P 0
L 1.7135 1.9992 1.7135 2.0307448 1 P 0
L 1.7135 1.9992 1.7765 1.9992 1 P 0
L 1.7135 2.0307448 1.7135552 2.0308 1 P 0
L 1.7135552 2.0308 1.7765 2.0308 1 P 0
L 1.7211 1.9992 1.7211 2.0309 1 P 0
L 1.7575 3.1106 1.7575 3.1506 1 P 0
L 1.7575 3.1106 1.8325 3.1106 1 P 0
L 1.7575 3.1506 1.8325 3.1506 1 P 0
L 1.7575 3.2006 1.7575 3.2406 1 P 0
L 1.7575 3.2006 1.8325 3.2006 1 P 0
L 1.7575 3.2406 1.8325 3.2406 1 P 0
L 1.7575 3.2906 1.7575 3.3306 1 P 0
L 1.7575 3.2906 1.8325 3.2906 1 P 0
L 1.7575 3.3306 1.8325 3.3306 1 P 0
L 1.7685 1.9989 1.7685 2.0309 1 P 0
L 1.7765 1.9992 1.7765 2.0308 1 P 0
L 1.7935 2.5992 1.7935 2.6308 1 P 0
L 1.7935 2.5992 1.8564448 2.5992 1 P 0
L 1.7935 2.6308 1.8565 2.6308 1 P 0
L 1.8015 2.5991 1.8015 2.6311 1 P 0
L 1.8325 3.088 1.8325 3.352 1 P 0
L 1.8325 3.088 1.9775 3.088 1 P 0
L 1.8325 3.352 1.9775 3.352 1 P 0
L 1.8489 2.5991 1.8489 2.6308 1 P 0
L 1.8564448 2.5992 1.8565 2.5992552 1 P 0
L 1.8565 2.5992552 1.8565 2.6308 1 P 0
L 1.925 0.58 1.925 2.405 1 P 0
L 1.925 0.58 2.95 0.58 1 P 0
L 1.925 2.405 2.95 2.405 1 P 0
L 1.9775 3.088 1.9775 3.0956 1 P 0
L 1.9775 3.0906 1.9775 3.352 1 P 0
L 1.9775 3.1506 2.0625 3.1506 1 P 0
L 1.9775 3.2906 2.0625 3.2906 1 P 0
L 2.0109449 0.320315 2.0109449 0.359685 1 P 0
L 2.0109449 0.320315 2.1280709 0.320315 1 P 0
L 2.0109449 0.359685 2.1280709 0.359685 1 P 0
L 2.02 0.36 2.02 0.39 1 P 0
L 2.02 0.39 2.045 0.39 1 P 0
L 2.045 0.36 2.045 0.39 1 P 0
L 2.06 0.29 2.06 0.32 1 P 0
L 2.06 0.29 2.08 0.29 1 P 0
L 2.0625 3.1506 2.0625 3.2906 1 P 0
L 2.08 0.29 2.08 0.32 1 P 0
L 2.095 0.36 2.095 0.39 1 P 0
L 2.095 0.39 2.12 0.39 1 P 0
L 2.12 0.36 2.12 0.39 1 P 0
L 2.1280709 0.320315 2.1280709 0.359685 1 P 0
L 2.145 2.76 2.145 2.78 1 P 0
L 2.145 2.76 2.175 2.76 1 P 0
L 2.145 2.78 2.175 2.78 1 P 0
L 2.175315 2.7119291 2.175315 2.8290551 1 P 0
L 2.175315 2.7119291 2.214685 2.7119291 1 P 0
L 2.175315 2.8290551 2.214685 2.8290551 1 P 0
L 2.2139 0.1765 2.2459 0.1765 1 P 0
L 2.2142 0.1685 2.2142 0.2315 1 P 0
L 2.2142 0.1685 2.2458 0.1685 1 P 0
L 2.2142 0.2239 2.2459 0.2239 1 P 0
L 2.2142 0.2315 2.2457448 0.2315 1 P 0
L 2.214685 2.7119291 2.214685 2.8290551 1 P 0
L 2.215 2.72 2.245 2.72 1 P 0
L 2.215 2.745 2.245 2.745 1 P 0
L 2.215 2.795 2.245 2.795 1 P 0
L 2.215 2.82 2.245 2.82 1 P 0
L 2.245 2.72 2.245 2.745 1 P 0
L 2.245 2.795 2.245 2.82 1 P 0
L 2.2457448 0.2315 2.2458 0.2314448 1 P 0
L 2.2458 0.1685 2.2458 0.2314448 1 P 0
L 2.2941 2.4511 2.3258 2.4511 1 P 0
L 2.2941 2.4985 2.3261 2.4985 1 P 0
L 2.2942 2.4435552 2.2942 2.5065 1 P 0
L 2.2942 2.4435552 2.2942552 2.4435 1 P 0
L 2.2942 2.5065 2.3258 2.5065 1 P 0
L 2.2942552 2.4435 2.3258 2.4435 1 P 0
L 2.3258 2.4435 2.3258 2.5065 1 P 0
L 2.3259449 0.315315 2.3259449 0.354685 1 P 0
L 2.3259449 0.315315 2.4430709 0.315315 1 P 0
L 2.3259449 0.354685 2.4430709 0.354685 1 P 0
L 2.335 0.355 2.335 0.385 1 P 0
L 2.335 0.385 2.36 0.385 1 P 0
L 2.355 3.255 2.355 3.28 1 P 0
L 2.355 3.255 2.385 3.255 1 P 0
L 2.355 3.28 2.385 3.28 1 P 0
L 2.355 3.33 2.355 3.355 1 P 0
L 2.355 3.33 2.385 3.33 1 P 0
L 2.355 3.355 2.385 3.355 1 P 0
L 2.36 0.355 2.36 0.385 1 P 0
L 2.375 0.285 2.375 0.315 1 P 0
L 2.375 0.285 2.395 0.285 1 P 0
L 2.385315 3.2459449 2.385315 3.3630709 1 P 0
L 2.385315 3.2459449 2.424685 3.2459449 1 P 0
L 2.385315 3.3630709 2.424685 3.3630709 1 P 0
L 2.395 0.285 2.395 0.315 1 P 0
L 2.41 0.355 2.41 0.385 1 P 0
L 2.41 0.385 2.435 0.385 1 P 0
L 2.424685 3.2459449 2.424685 3.3630709 1 P 0
L 2.425 3.295 2.455 3.295 1 P 0
L 2.425 3.315 2.455 3.315 1 P 0
L 2.435 0.355 2.435 0.385 1 P 0
L 2.4430709 0.315315 2.4430709 0.354685 1 P 0
L 2.455 3.295 2.455 3.315 1 P 0
L 2.6039 0.2315 2.6359 0.2315 1 P 0
L 2.6042 0.2235 2.6042 0.2865 1 P 0
L 2.6042 0.2235 2.6358 0.2235 1 P 0
L 2.6042 0.2789 2.6359 0.2789 1 P 0
L 2.6042 0.2865 2.6357448 0.2865 1 P 0
L 2.6357448 0.2865 2.6358 0.2864448 1 P 0
L 2.6358 0.2235 2.6358 0.2864448 1 P 0
L 2.889 0.154 2.889 0.437 0 P 0
L 2.889 0.154 3.056 0.154 0 P 0
L 2.889 0.437 2.9333779 0.437 0 P 0
L 2.9333779 0.437 3.19 0.437 0 P 0
L 2.95 0.387 2.95 0.777 2 P 0
L 2.95 0.58 2.95 2.405 1 P 0
L 3.056 0.154 3.19 0.154 0 P 0
L 3.19 0.154 3.19 0.437 0 P 0
S P 0
OB 1.1303112 0.2463704 I
OS 1.1309118 0.2463158
OS 1.131021 0.2463158
OS 1.1313486 0.2462612
OS 1.1317308 0.246152
OS 1.1320584 0.2460428
OS 1.132113 0.2459882
OS 1.1322768 0.2459336
OS 1.1324952 0.2457698
OS 1.132659 0.245606
OS 1.1327136 0.2455514
OS 1.1327682 0.2454422
OS 1.1328228 0.2452784
OS 1.1328228 0.24506
OS 1.1328228 0.1914974
OS 1.1440158 0.1914974
OS 1.1442342 0.1913882
OS 1.1445072 0.191279
OS 1.1445618 0.1912244
OS 1.1447256 0.1911152
OS 1.1448894 0.1908968
OS 1.1450532 0.1906238
OS 1.1451078 0.1905692
OS 1.1451624 0.1903508
OS 1.1452716 0.1900232
OS 1.1453808 0.189641
OS 1.1454354 0.1895318
OS 1.14549 0.1892588
OS 1.1455446 0.1887674
OS 1.1455446 0.1881668
OS 1.1455446 0.1881122
OS 1.1455446 0.188003
OS 1.1455446 0.1878392
OS 1.1455446 0.1876754
OS 1.14549 0.1871294
OS 1.1453808 0.186638
OS 1.1453808 0.1865288
OS 1.1452716 0.1863104
OS 1.1451624 0.1859828
OS 1.1449986 0.1856552
OS 1.144944 0.1856006
OS 1.1448348 0.1854914
OS 1.144671 0.1853276
OS 1.1444526 0.1851638
OS 1.144398 0.1851638
OS 1.1442342 0.1851092
OS 1.1440158 0.1850546
OS 1.1437974 0.185
OS 1.1117472 0.185
OS 1.1115288 0.1850546
OS 1.1113104 0.1851638
OS 1.1112558 0.1852184
OS 1.1111466 0.185273
OS 1.1109828 0.1854368
OS 1.1107644 0.1856552
OS 1.1107098 0.1857098
OS 1.1106552 0.1859282
OS 1.1104914 0.1862558
OS 1.1103822 0.186638
OS 1.1103822 0.1866926
OS 1.1103822 0.1867472
OS 1.1103276 0.1870748
OS 1.110273 0.1875662
OS 1.110273 0.1881668
OS 1.110273 0.1882214
OS 1.110273 0.1883306
OS 1.110273 0.1884944
OS 1.110273 0.1886582
OS 1.1103276 0.1891496
OS 1.1103822 0.189641
OS 1.1103822 0.1896956
OS 1.1104368 0.1897502
OS 1.1104914 0.1899686
OS 1.1106006 0.1902962
OS 1.1107098 0.1906238
OS 1.1107644 0.1906784
OS 1.1108736 0.1908968
OS 1.1110374 0.1910606
OS 1.1112558 0.191279
OS 1.1113104 0.1913336
OS 1.1114742 0.1913882
OS 1.1116926 0.1914428
OS 1.1119656 0.1914974
OS 1.1246874 0.1914974
OS 1.1246874 0.2379074
OS 1.1128392 0.230864
OS 1.1127846 0.230864
OS 1.1126754 0.2308094
OS 1.1123478 0.230591
OS 1.1118564 0.2304272
OS 1.1114196 0.2302634
OS 1.111092 0.2302634
OS 1.110819 0.230318
OS 1.110546 0.2304818
OS 1.1104914 0.2305364
OS 1.1103822 0.2307548
OS 1.1102184 0.2310824
OS 1.1101092 0.2315192
OS 1.1101092 0.2315738
OS 1.1101092 0.2316284
OS 1.1100546 0.2317922
OS 1.1100546 0.2320106
OS 1.11 0.2325566
OS 1.11 0.2332664
OS 1.11 0.233321
OS 1.11 0.2334302
OS 1.11 0.2337578
OS 1.11 0.2341946
OS 1.1100546 0.2346314
OS 1.1100546 0.234686
OS 1.1100546 0.2347406
OS 1.1101092 0.234959
OS 1.1101638 0.2352866
OS 1.1102184 0.2356142
OS 1.110273 0.2356688
OS 1.1103276 0.2358326
OS 1.1106552 0.2362694
OS 1.1107098 0.236324
OS 1.1108736 0.2364332
OS 1.111092 0.236597
OS 1.111365 0.2368154
OS 1.1253972 0.2458244
OS 1.1254518 0.245879
OS 1.125561 0.2459336
OS 1.1258886 0.2460428
OS 1.1259432 0.2460428
OS 1.126107 0.2460974
OS 1.1263254 0.2462066
OS 1.1265984 0.2462612
OS 1.126653 0.2462612
OS 1.1268714 0.2463158
OS 1.127199 0.2463704
OS 1.1276904 0.2463704
OS 1.1279634 0.246425
OS 1.129656 0.246425
OS 1.1303112 0.2463704
OE
SE
