#Layer_Color=9474304
#
#Feature symbol names
#
$0 r5

#
#Feature attribute names
#

#
#Layer features
#
L 0.105 0.175 0.245 0.175 0 P 0
L 0.105 3.375 0.245 3.375 0 P 0
L 0.175 0.105 0.175 0.245 0 P 0
L 0.175 3.305 0.175 3.445 0 P 0
L 0.1785 2.225 0.2335 2.225 0 P 0
L 0.1785 2.425 0.2335 2.425 0 P 0
L 0.1785 2.625 0.2335 2.625 0 P 0
L 0.1785 2.825 0.2335 2.825 0 P 0
L 0.1785 3.025 0.2335 3.025 0 P 0
L 0.1825 0.72 0.2375 0.72 0 P 0
L 0.1825 0.92 0.2375 0.92 0 P 0
L 0.1825 1.12 0.2375 1.12 0 P 0
L 0.1825 1.47 0.2375 1.47 0 P 0
L 0.1825 1.67 0.2375 1.67 0 P 0
L 0.1825 1.87 0.2375 1.87 0 P 0
L 0.1855 0.522 0.2405 0.522 0 P 0
L 0.206 2.1975 0.206 2.2525 0 P 0
L 0.206 2.3975 0.206 2.4525 0 P 0
L 0.206 2.5975 0.206 2.6525 0 P 0
L 0.206 2.7975 0.206 2.8525 0 P 0
L 0.206 2.9975 0.206 3.0525 0 P 0
L 0.21 0.6925 0.21 0.7475 0 P 0
L 0.21 0.8925 0.21 0.9475 0 P 0
L 0.21 1.0925 0.21 1.1475 0 P 0
L 0.21 1.4425 0.21 1.4975 0 P 0
L 0.21 1.6425 0.21 1.6975 0 P 0
L 0.21 1.8425 0.21 1.8975 0 P 0
L 0.213 0.4945 0.213 0.5495 0 P 0
L 0.491 3.29 0.519 3.29 0 P 0
L 0.505 3.276 0.505 3.304 0 P 0
L 0.65 0.875 0.7 0.875 0 P 0
L 0.655 0.2 0.705 0.2 0 P 0
L 0.675 0.85 0.675 0.9 0 P 0
L 0.68 0.175 0.68 0.225 0 P 0
L 0.706 3.29 0.734 3.29 0 P 0
L 0.72 3.276 0.72 3.304 0 P 0
L 0.7297 1.57 0.7797 1.57 0 P 0
L 0.7297 2.0424 0.7797 2.0424 0 P 0
L 0.7347 2.455 0.7847 2.455 0 P 0
L 0.7347 2.9274 0.7847 2.9274 0 P 0
L 0.7547 1.545 0.7547 1.595 0 P 0
L 0.7547 2.0174 0.7547 2.0674 0 P 0
L 0.7597 2.43 0.7597 2.48 0 P 0
L 0.7597 2.9024 0.7597 2.9524 0 P 0
L 0.805 0.2 0.855 0.2 0 P 0
L 0.83 0.175 0.83 0.225 0 P 0
L 0.921 3.285 0.949 3.285 0 P 0
L 0.93 2.93 0.98 2.93 0 P 0
L 0.935 3.271 0.935 3.299 0 P 0
L 0.955 0.2 1.005 0.2 0 P 0
L 0.955 2.905 0.955 2.955 0 P 0
L 0.98 0.175 0.98 0.225 0 P 0
L 1.02 2.24 1.07 2.24 0 P 0
L 1.045 2.215 1.045 2.265 0 P 0
L 1.05 1.01 1.1 1.01 0 P 0
L 1.075 0.985 1.075 1.035 0 P 0
L 1.2 1.705 1.25 1.705 0 P 0
L 1.2 1.935 1.25 1.935 0 P 0
L 1.2 2.55 1.25 2.55 0 P 0
L 1.2 2.825 1.25 2.825 0 P 0
L 1.201 2.285 1.229 2.285 0 P 0
L 1.21 1.57 1.26 1.57 0 P 0
L 1.21 2.0424 1.26 2.0424 0 P 0
L 1.215 2.271 1.215 2.299 0 P 0
L 1.215 2.455 1.265 2.455 0 P 0
L 1.215 2.9274 1.265 2.9274 0 P 0
L 1.225 1.68 1.225 1.73 0 P 0
L 1.225 1.91 1.225 1.96 0 P 0
L 1.225 2.525 1.225 2.575 0 P 0
L 1.225 2.8 1.225 2.85 0 P 0
L 1.235 1.545 1.235 1.595 0 P 0
L 1.235 2.0174 1.235 2.0674 0 P 0
L 1.24 2.43 1.24 2.48 0 P 0
L 1.24 2.9024 1.24 2.9524 0 P 0
L 1.276 0.215 1.304 0.215 0 P 0
L 1.2899 1.8062 1.3399 1.8062 0 P 0
L 1.29 0.201 1.29 0.229 0 P 0
L 1.2949 2.6912 1.3449 2.6912 0 P 0
L 1.3149 1.7812 1.3149 1.8312 0 P 0
L 1.3199 2.6662 1.3199 2.7162 0 P 0
L 1.33 0.4221 1.39 0.4221 0 P 0
L 1.33 1.3079 1.39 1.3079 0 P 0
L 1.341 1.04 1.369 1.04 0 P 0
L 1.355 1.026 1.355 1.054 0 P 0
L 1.36 0.3921 1.36 0.4521 0 P 0
L 1.36 1.2779 1.36 1.3379 0 P 0
L 1.446 3.195 1.474 3.195 0 P 0
L 1.446 3.405 1.474 3.405 0 P 0
L 1.45 1.83 1.5 1.83 0 P 0
L 1.45 2.695 1.5 2.695 0 P 0
L 1.46 3.181 1.46 3.209 0 P 0
L 1.46 3.391 1.46 3.419 0 P 0
L 1.475 1.805 1.475 1.855 0 P 0
L 1.475 2.67 1.475 2.72 0 P 0
L 1.476 2.215 1.504 2.215 0 P 0
L 1.49 2.201 1.49 2.229 0 P 0
L 1.531 2.395 1.559 2.395 0 P 0
L 1.545 2.381 1.545 2.409 0 P 0
L 1.556 0.205 1.584 0.205 0 P 0
L 1.57 0.191 1.57 0.219 0 P 0
L 1.626 1.845 1.654 1.845 0 P 0
L 1.64 1.831 1.64 1.859 0 P 0
L 1.646 2.395 1.674 2.395 0 P 0
L 1.66 2.381 1.66 2.409 0 P 0
L 1.666 2.625 1.694 2.625 0 P 0
L 1.676 3.405 1.704 3.405 0 P 0
L 1.68 2.611 1.68 2.639 0 P 0
L 1.69 3.391 1.69 3.419 0 P 0
L 1.691 0.47 1.719 0.47 0 P 0
L 1.705 0.456 1.705 0.484 0 P 0
L 1.731 1.845 1.759 1.845 0 P 0
L 1.745 1.831 1.745 1.859 0 P 0
L 1.761 1.04 1.789 1.04 0 P 0
L 1.766 0.74 1.794 0.74 0 P 0
L 1.775 1.026 1.775 1.054 0 P 0
L 1.78 0.726 1.78 0.754 0 P 0
L 1.82 0.31 1.87 0.31 0 P 0
L 1.841 1.845 1.869 1.845 0 P 0
L 1.845 0.285 1.845 0.335 0 P 0
L 1.855 1.831 1.855 1.859 0 P 0
L 1.906 1.565 1.934 1.565 0 P 0
L 1.92 1.551 1.92 1.579 0 P 0
L 1.966 0.17 1.994 0.17 0 P 0
L 1.97 1.43 2.02 1.43 0 P 0
L 1.9729134 2.0528346 2.0129134 2.0528346 0 P 0
L 1.98 0.156 1.98 0.184 0 P 0
L 1.986 2.705 2.014 2.705 0 P 0
L 1.987029 2.5838726 2.015029 2.5838726 0 P 0
L 1.9881396 1.895858 2.0161396 1.895858 0 P 0
L 1.9929134 2.0328346 1.9929134 2.0728346 0 P 0
L 1.995 1.405 1.995 1.455 0 P 0
L 2 2.691 2 2.719 0 P 0
L 2.001029 2.5698726 2.001029 2.5978726 0 P 0
L 2.0021396 1.881858 2.0021396 1.909858 0 P 0
L 2.0060542 1.6863296 2.0340542 1.6863296 0 P 0
L 2.0200542 1.6723296 2.0200542 1.7003296 0 P 0
L 2.021 3.085 2.049 3.085 0 P 0
L 2.035 3.071 2.035 3.099 0 P 0
L 2.0735 1.565 2.1015 1.565 0 P 0
L 2.076 1.795 2.104 1.795 0 P 0
L 2.0875 1.551 2.0875 1.579 0 P 0
L 2.09 1.781 2.09 1.809 0 P 0
L 2.116 0.745 2.144 0.745 0 P 0
L 2.116 1.045 2.144 1.045 0 P 0
L 2.13 0.731 2.13 0.759 0 P 0
L 2.13 1.031 2.13 1.059 0 P 0
L 2.131 3.24 2.159 3.24 0 P 0
L 2.136 2.69 2.164 2.69 0 P 0
L 2.145 3.226 2.145 3.254 0 P 0
L 2.146 3.36 2.174 3.36 0 P 0
L 2.15 2.676 2.15 2.704 0 P 0
L 2.16 3.346 2.16 3.374 0 P 0
L 2.1627028 1.6863296 2.1907028 1.6863296 0 P 0
L 2.1767028 1.6723296 2.1767028 1.7003296 0 P 0
L 2.196 1.99 2.224 1.99 0 P 0
L 2.196 2.225 2.224 2.225 0 P 0
L 2.196 2.385 2.224 2.385 0 P 0
L 2.21 1.976 2.21 2.004 0 P 0
L 2.21 2.211 2.21 2.239 0 P 0
L 2.21 2.371 2.21 2.399 0 P 0
L 2.2131176 1.813209 2.2411176 1.813209 0 P 0
L 2.2271176 1.799209 2.2271176 1.827209 0 P 0
L 2.241 1.565 2.269 1.565 0 P 0
L 2.255 1.551 2.255 1.579 0 P 0
L 2.291 2.865 2.319 2.865 0 P 0
L 2.296 2.07 2.324 2.07 0 P 0
L 2.305 2.851 2.305 2.879 0 P 0
L 2.31 2.056 2.31 2.084 0 P 0
L 2.3193514 1.6863296 2.3473514 1.6863296 0 P 0
L 2.3333514 1.6723296 2.3333514 1.7003296 0 P 0
L 2.3567716 0.73 2.3967716 0.73 0 P 0
L 2.365 0.58 2.415 0.58 0 P 0
L 2.366 2.17 2.394 2.17 0 P 0
L 2.366 2.585 2.394 2.585 0 P 0
L 2.376 1.81 2.404 1.81 0 P 0
L 2.3767716 0.71 2.3767716 0.75 0 P 0
L 2.38 2.156 2.38 2.184 0 P 0
L 2.38 2.571 2.38 2.599 0 P 0
L 2.39 0.555 2.39 0.605 0 P 0
L 2.39 1.796 2.39 1.824 0 P 0
L 2.4085 1.565 2.4365 1.565 0 P 0
L 2.4225 1.551 2.4225 1.579 0 P 0
L 2.426 1.035 2.454 1.035 0 P 0
L 2.44 1.021 2.44 1.049 0 P 0
L 2.4650394 2.245748 2.5050394 2.245748 0 P 0
L 2.476 1.6863296 2.504 1.6863296 0 P 0
L 2.4850394 2.225748 2.4850394 2.265748 0 P 0
L 2.49 1.6723296 2.49 1.7003296 0 P 0
L 2.506 3.15 2.534 3.15 0 P 0
L 2.511 3.06 2.539 3.06 0 P 0
L 2.516 2.96 2.544 2.96 0 P 0
L 2.52 3.136 2.52 3.164 0 P 0
L 2.525 3.046 2.525 3.074 0 P 0
L 2.53 2.946 2.53 2.974 0 P 0
L 2.5357564 0.1584566 2.5637564 0.1584566 0 P 0
L 2.536 1.845 2.564 1.845 0 P 0
L 2.5497564 0.1444566 2.5497564 0.1724566 0 P 0
L 2.55 1.831 2.55 1.859 0 P 0
L 2.576 1.565 2.604 1.565 0 P 0
L 2.59 1.551 2.59 1.579 0 P 0
L 2.593 0.73 2.633 0.73 0 P 0
L 2.613 0.71 2.613 0.75 0 P 0
L 2.6156748 2.1486864 2.6436748 2.1486864 0 P 0
L 2.621 2.315 2.649 2.315 0 P 0
L 2.6296748 2.1346864 2.6296748 2.1626864 0 P 0
L 2.631 0.44 2.659 0.44 0 P 0
L 2.635 2.301 2.635 2.329 0 P 0
L 2.645 0.426 2.645 0.454 0 P 0
L 2.656 2.67 2.684 2.67 0 P 0
L 2.67 2.656 2.67 2.684 0 P 0
L 2.686 1.03 2.714 1.03 0 P 0
L 2.7 1.016 2.7 1.044 0 P 0
L 2.775 3.145 2.795 3.145 0 P 0
L 2.7792952 2.883751 2.8072952 2.883751 0 P 0
L 2.78 0.73 2.82 0.73 0 P 0
L 2.78 2.0528346 2.82 2.0528346 0 P 0
L 2.78 2.245748 2.82 2.245748 0 P 0
L 2.781 3.4 2.809 3.4 0 P 0
L 2.785 3.135 2.785 3.155 0 P 0
L 2.791 0.44 2.819 0.44 0 P 0
L 2.7932952 2.869751 2.7932952 2.897751 0 P 0
L 2.795 3.386 2.795 3.414 0 P 0
L 2.8 0.71 2.8 0.75 0 P 0
L 2.8 2.0328346 2.8 2.0728346 0 P 0
L 2.8 2.225748 2.8 2.265748 0 P 0
L 2.805 0.426 2.805 0.454 0 P 0
L 2.851 3.077 2.879 3.077 0 P 0
L 2.851 3.149 2.879 3.149 0 P 0
L 2.851 3.221 2.879 3.221 0 P 0
L 2.865 3.063 2.865 3.091 0 P 0
L 2.865 3.135 2.865 3.163 0 P 0
L 2.865 3.207 2.865 3.235 0 P 0
L 2.88 1.015 2.93 1.015 0 P 0
L 2.905 0.99 2.905 1.04 0 P 0
L 2.92 0.245 2.96 0.245 0 P 0
L 2.92 0.345 2.96 0.345 0 P 0
L 2.924 3.077 2.952 3.077 0 P 0
L 2.924 3.149 2.952 3.149 0 P 0
L 2.924 3.221 2.952 3.221 0 P 0
L 2.925 2.995 2.945 2.995 0 P 0
L 2.925 3.3 2.945 3.3 0 P 0
L 2.9324788 2.8905592 2.9604788 2.8905592 0 P 0
L 2.935 2.985 2.935 3.005 0 P 0
L 2.935 3.29 2.935 3.31 0 P 0
L 2.936 2.295 2.964 2.295 0 P 0
L 2.936 3.4 2.964 3.4 0 P 0
L 2.938 3.063 2.938 3.091 0 P 0
L 2.938 3.135 2.938 3.163 0 P 0
L 2.938 3.207 2.938 3.235 0 P 0
L 2.94 0.225 2.94 0.265 0 P 0
L 2.94 0.325 2.94 0.365 0 P 0
L 2.941 2.525412 2.969 2.525412 0 P 0
L 2.9415273 2.6555273 2.9695273 2.6555273 0 P 0
L 2.9464788 2.8765592 2.9464788 2.9045592 0 P 0
L 2.95 2.281 2.95 2.309 0 P 0
L 2.95 3.386 2.95 3.414 0 P 0
L 2.955 2.511412 2.955 2.539412 0 P 0
L 2.9555273 2.6415273 2.9555273 2.6695273 0 P 0
L 2.991 2.24 3.019 2.24 0 P 0
L 2.997 3.077 3.025 3.077 0 P 0
L 2.997 3.149 3.025 3.149 0 P 0
L 2.997 3.221 3.025 3.221 0 P 0
L 3.005 2.226 3.005 2.254 0 P 0
L 3.011 3.063 3.011 3.091 0 P 0
L 3.011 3.135 3.011 3.163 0 P 0
L 3.011 3.207 3.011 3.235 0 P 0
L 3.02 0.245 3.06 0.245 0 P 0
L 3.02 0.345 3.06 0.345 0 P 0
L 3.036 2.65 3.064 2.65 0 P 0
L 3.04 0.225 3.04 0.265 0 P 0
L 3.04 0.325 3.04 0.365 0 P 0
L 3.05 2.636 3.05 2.664 0 P 0
L 3.051 2.295 3.079 2.295 0 P 0
L 3.065 2.281 3.065 2.309 0 P 0
L 3.07 3.15 3.09 3.15 0 P 0
L 3.0754498 3.3943624 3.1034498 3.3943624 0 P 0
L 3.08 3.14 3.08 3.16 0 P 0
L 3.0894498 3.3803624 3.0894498 3.4083624 0 P 0
L 3.096 3.005 3.124 3.005 0 P 0
L 3.106 2.385 3.134 2.385 0 P 0
L 3.11 2.991 3.11 3.019 0 P 0
L 3.12 0.245 3.16 0.245 0 P 0
L 3.12 0.345 3.16 0.345 0 P 0
L 3.12 2.371 3.12 2.399 0 P 0
L 3.14 0.225 3.14 0.265 0 P 0
L 3.14 0.325 3.14 0.365 0 P 0
L 3.166 3.31 3.194 3.31 0 P 0
L 3.171 3.115 3.199 3.115 0 P 0
L 3.176 0.99 3.204 0.99 0 P 0
L 3.18 3.296 3.18 3.324 0 P 0
L 3.181 1.525 3.209 1.525 0 P 0
L 3.185 3.101 3.185 3.129 0 P 0
L 3.186 2.32 3.214 2.32 0 P 0
L 3.19 0.976 3.19 1.004 0 P 0
L 3.195 1.511 3.195 1.539 0 P 0
L 3.2 0.83 3.24 0.83 0 P 0
L 3.2 1.13 3.24 1.13 0 P 0
L 3.2 2.306 3.2 2.334 0 P 0
L 3.2118393 2.64 3.2398393 2.64 0 P 0
L 3.22 0.81 3.22 0.85 0 P 0
L 3.22 1.11 3.22 1.15 0 P 0
L 3.2258393 2.626 3.2258393 2.654 0 P 0
L 3.236 1.34 3.264 1.34 0 P 0
L 3.25 1.326 3.25 1.354 0 P 0
L 3.28 1.795 3.32 1.795 0 P 0
L 3.28 1.895 3.32 1.895 0 P 0
L 3.28 1.995 3.32 1.995 0 P 0
L 3.28 2.095 3.32 2.095 0 P 0
L 3.28 2.195 3.32 2.195 0 P 0
L 3.3 0.83 3.34 0.83 0 P 0
L 3.3 1.775 3.3 1.815 0 P 0
L 3.3 1.875 3.3 1.915 0 P 0
L 3.3 1.975 3.3 2.015 0 P 0
L 3.3 2.075 3.3 2.115 0 P 0
L 3.3 2.175 3.3 2.215 0 P 0
L 3.305 1.13 3.335 1.13 0 P 0
L 3.32 0.81 3.32 0.85 0 P 0
L 3.32 1.115 3.32 1.145 0 P 0
L 3.346 0.99 3.374 0.99 0 P 0
L 3.36 0.976 3.36 1.004 0 P 0
L 3.371 1.34 3.399 1.34 0 P 0
L 3.38 1.795 3.42 1.795 0 P 0
L 3.38 1.895 3.42 1.895 0 P 0
L 3.38 1.995 3.42 1.995 0 P 0
L 3.38 2.095 3.42 2.095 0 P 0
L 3.38 2.195 3.42 2.195 0 P 0
L 3.385 1.326 3.385 1.354 0 P 0
L 3.4 1.775 3.4 1.815 0 P 0
L 3.4 1.875 3.4 1.915 0 P 0
L 3.4 1.975 3.4 2.015 0 P 0
L 3.4 2.075 3.4 2.115 0 P 0
L 3.4 2.175 3.4 2.215 0 P 0
L 3.446 1.52 3.474 1.52 0 P 0
L 3.46 1.506 3.46 1.534 0 P 0
L 3.471 2.985 3.499 2.985 0 P 0
L 3.476 1.34 3.504 1.34 0 P 0
L 3.48 0.175 3.62 0.175 0 P 0
L 3.48 3.375 3.62 3.375 0 P 0
L 3.485 2.971 3.485 2.999 0 P 0
L 3.486 2.465 3.514 2.465 0 P 0
L 3.486 2.6125 3.514 2.6125 0 P 0
L 3.486 2.76 3.514 2.76 0 P 0
L 3.49 1.326 3.49 1.354 0 P 0
L 3.5 2.451 3.5 2.479 0 P 0
L 3.5 2.5985 3.5 2.6265 0 P 0
L 3.5 2.746 3.5 2.774 0 P 0
L 3.512066 0.4925546 3.540066 0.4925546 0 P 0
L 3.512066 0.665 3.540066 0.665 0 P 0
L 3.512066 0.835 3.540066 0.835 0 P 0
L 3.512066 1.01 3.540066 1.01 0 P 0
L 3.526066 0.4785546 3.526066 0.5065546 0 P 0
L 3.526066 0.651 3.526066 0.679 0 P 0
L 3.526066 0.821 3.526066 0.849 0 P 0
L 3.526066 0.996 3.526066 1.024 0 P 0
L 3.55 0.105 3.55 0.245 0 P 0
L 3.55 3.305 3.55 3.445 0 P 0
