#Layer_Color=9474304
#
#Feature symbol names
#
$0 r5
$1 r6.6666
$2 r4

#
#Feature attribute names
#

#
#Layer features
#
A 0.218 2.225 0.218 2.225 0.206 2.225 2 P 0 N
A 0.218 2.425 0.218 2.425 0.206 2.425 2 P 0 N
A 0.218 2.625 0.218 2.625 0.206 2.625 2 P 0 N
A 0.218 2.825 0.218 2.825 0.206 2.825 2 P 0 N
A 0.218 3.025 0.218 3.025 0.206 3.025 2 P 0 N
A 0.222 0.72 0.222 0.72 0.21 0.72 2 P 0 N
A 0.222 0.92 0.222 0.92 0.21 0.92 2 P 0 N
A 0.222 1.12 0.222 1.12 0.21 1.12 2 P 0 N
A 0.222 1.47 0.222 1.47 0.21 1.47 2 P 0 N
A 0.222 1.67 0.222 1.67 0.21 1.67 2 P 0 N
A 0.222 1.87 0.222 1.87 0.21 1.87 2 P 0 N
A 0.225 0.522 0.225 0.522 0.213 0.522 2 P 0 N
A 0.226 2.225 0.226 2.225 0.206 2.225 1 P 0 N
A 0.226 2.425 0.226 2.425 0.206 2.425 1 P 0 N
A 0.226 2.625 0.226 2.625 0.206 2.625 1 P 0 N
A 0.226 2.825 0.226 2.825 0.206 2.825 1 P 0 N
A 0.226 3.025 0.226 3.025 0.206 3.025 1 P 0 N
A 0.23 0.72 0.23 0.72 0.21 0.72 1 P 0 N
A 0.23 0.92 0.23 0.92 0.21 0.92 1 P 0 N
A 0.23 1.12 0.23 1.12 0.21 1.12 1 P 0 N
A 0.23 1.47 0.23 1.47 0.21 1.47 1 P 0 N
A 0.23 1.67 0.23 1.67 0.21 1.67 1 P 0 N
A 0.23 1.87 0.23 1.87 0.21 1.87 1 P 0 N
A 0.233 0.522 0.233 0.522 0.213 0.522 1 P 0 N
L 0.155 0.165 0.155 0.185 0 P 0
L 0.155 0.165 0.165 0.165 0 P 0
L 0.155 0.185 0.165 0.185 0 P 0
L 0.155 3.365 0.155 3.385 0 P 0
L 0.155 3.365 0.165 3.365 0 P 0
L 0.155 3.385 0.165 3.385 0 P 0
L 0.163 0.169 0.163 0.181 0 P 0
L 0.163 0.169 0.169 0.169 0 P 0
L 0.163 0.181 0.169 0.181 0 P 0
L 0.163 3.369 0.163 3.381 0 P 0
L 0.163 3.369 0.169 3.369 0 P 0
L 0.163 3.381 0.169 3.381 0 P 0
L 0.165 0.155 0.165 0.165 0 P 0
L 0.165 0.155 0.185 0.155 0 P 0
L 0.165 0.185 0.165 0.195 0 P 0
L 0.165 0.195 0.185 0.195 0 P 0
L 0.165 3.355 0.165 3.365 0 P 0
L 0.165 3.355 0.185 3.355 0 P 0
L 0.165 3.385 0.165 3.395 0 P 0
L 0.165 3.395 0.185 3.395 0 P 0
L 0.169 0.163 0.169 0.169 0 P 0
L 0.169 0.163 0.181 0.163 0 P 0
L 0.169 0.181 0.169 0.187 0 P 0
L 0.169 0.187 0.181 0.187 0 P 0
L 0.169 3.363 0.169 3.369 0 P 0
L 0.169 3.363 0.181 3.363 0 P 0
L 0.169 3.381 0.169 3.387 0 P 0
L 0.169 3.387 0.181 3.387 0 P 0
L 0.181 0.163 0.181 0.169 0 P 0
L 0.181 0.169 0.187 0.169 0 P 0
L 0.181 0.181 0.181 0.187 0 P 0
L 0.181 0.181 0.187 0.181 0 P 0
L 0.181 3.363 0.181 3.369 0 P 0
L 0.181 3.369 0.187 3.369 0 P 0
L 0.181 3.381 0.181 3.387 0 P 0
L 0.181 3.381 0.187 3.381 0 P 0
L 0.185 0.155 0.185 0.165 0 P 0
L 0.185 0.165 0.195 0.165 0 P 0
L 0.185 0.185 0.185 0.195 0 P 0
L 0.185 0.185 0.195 0.185 0 P 0
L 0.185 3.355 0.185 3.365 0 P 0
L 0.185 3.365 0.195 3.365 0 P 0
L 0.185 3.385 0.185 3.395 0 P 0
L 0.185 3.385 0.195 3.385 0 P 0
L 0.187 0.169 0.187 0.181 0 P 0
L 0.187 3.369 0.187 3.381 0 P 0
L 0.195 0.165 0.195 0.185 0 P 0
L 0.195 3.365 0.195 3.385 0 P 0
L 0.32 0.52375 0.32 0.56375 0 P 0
L 0.32 0.52375 0.36 0.52375 0 P 0
L 0.32 0.56375 0.36 0.56375 0 P 0
L 0.32 0.685 0.32 0.725 0 P 0
L 0.32 0.685 0.36 0.685 0 P 0
L 0.32 0.725 0.36 0.725 0 P 0
L 0.335 2.215 0.335 2.255 0 P 0
L 0.335 2.215 0.375 2.215 0 P 0
L 0.335 2.255 0.375 2.255 0 P 0
L 0.34 1.41 0.34 1.45 0 P 0
L 0.34 1.41 0.38 1.41 0 P 0
L 0.34 1.45 0.38 1.45 0 P 0
L 0.345 0.97875 0.345 1.01875 0 P 0
L 0.345 0.97875 0.385 0.97875 0 P 0
L 0.345 1.01875 0.385 1.01875 0 P 0
L 0.345 1.14 0.345 1.18 0 P 0
L 0.345 1.14 0.385 1.14 0 P 0
L 0.345 1.18 0.385 1.18 0 P 0
L 0.35 2.405 0.35 2.445 0 P 0
L 0.35 2.405 0.39 2.405 0 P 0
L 0.35 2.445 0.39 2.445 0 P 0
L 0.36 0.52375 0.36 0.56375 0 P 0
L 0.36 0.685 0.36 0.725 0 P 0
L 0.365 2.73875 0.365 2.77875 0 P 0
L 0.365 2.73875 0.405 2.73875 0 P 0
L 0.365 2.77875 0.405 2.77875 0 P 0
L 0.365 2.9 0.365 2.94 0 P 0
L 0.365 2.9 0.405 2.9 0 P 0
L 0.365 2.94 0.405 2.94 0 P 0
L 0.375 2.215 0.375 2.255 0 P 0
L 0.38 1.41 0.38 1.45 0 P 0
L 0.385 0.97875 0.385 1.01875 0 P 0
L 0.385 1.14 0.385 1.18 0 P 0
L 0.385 1.85875 0.385 1.89875 0 P 0
L 0.385 1.85875 0.425 1.85875 0 P 0
L 0.385 1.89875 0.425 1.89875 0 P 0
L 0.385 2.02 0.385 2.06 0 P 0
L 0.385 2.02 0.425 2.02 0 P 0
L 0.385 2.06 0.425 2.06 0 P 0
L 0.39 2.405 0.39 2.445 0 P 0
L 0.405 2.73875 0.405 2.77875 0 P 0
L 0.405 2.9 0.405 2.94 0 P 0
L 0.415 0.65 0.415 0.69 0 P 0
L 0.415 0.65 0.455 0.65 0 P 0
L 0.415 0.69 0.455 0.69 0 P 0
L 0.415 0.78625 0.415 0.82625 0 P 0
L 0.415 0.78625 0.455 0.78625 0 P 0
L 0.415 0.82625 0.455 0.82625 0 P 0
L 0.425 1.85875 0.425 1.89875 0 P 0
L 0.425 2.02 0.425 2.06 0 P 0
L 0.43 0.52875 0.43 0.56875 0 P 0
L 0.43 0.52875 0.47 0.52875 0 P 0
L 0.43 0.56875 0.47 0.56875 0 P 0
L 0.43 0.97875 0.43 1.01875 0 P 0
L 0.43 0.97875 0.47 0.97875 0 P 0
L 0.43 1.01875 0.47 1.01875 0 P 0
L 0.43 1.14 0.43 1.18 0 P 0
L 0.43 1.14 0.47 1.14 0 P 0
L 0.43 1.18 0.47 1.18 0 P 0
L 0.455 0.65 0.455 0.69 0 P 0
L 0.455 0.78625 0.455 0.82625 0 P 0
L 0.47 0.52875 0.47 0.56875 0 P 0
L 0.47 0.97875 0.47 1.01875 0 P 0
L 0.47 1.14 0.47 1.18 0 P 0
L 0.475 3.32 0.475 3.36 0 P 0
L 0.475 3.32 0.515 3.32 0 P 0
L 0.475 3.36 0.515 3.36 0 P 0
L 0.515 1.14 0.515 1.18 0 P 0
L 0.515 1.14 0.555 1.14 0 P 0
L 0.515 1.18 0.555 1.18 0 P 0
L 0.515 3.32 0.515 3.36 0 P 0
L 0.52 1.03 0.52 1.07 0 P 0
L 0.52 1.03 0.56 1.03 0 P 0
L 0.52 1.07 0.56 1.07 0 P 0
L 0.535 0.67 0.535 0.71 0 P 0
L 0.535 0.67 0.575 0.67 0 P 0
L 0.535 0.71 0.575 0.71 0 P 0
L 0.54 2.02 0.54 2.06 0 P 0
L 0.54 2.02 0.58 2.02 0 P 0
L 0.54 2.06 0.58 2.06 0 P 0
L 0.54 2.405 0.54 2.445 0 P 0
L 0.54 2.405 0.58 2.405 0 P 0
L 0.54 2.445 0.58 2.445 0 P 0
L 0.54 2.5375 0.54 2.5775 0 P 0
L 0.54 2.5375 0.58 2.5375 0 P 0
L 0.54 2.5775 0.58 2.5775 0 P 0
L 0.54 2.67 0.54 2.71 0 P 0
L 0.54 2.67 0.58 2.67 0 P 0
L 0.54 2.71 0.58 2.71 0 P 0
L 0.5401757 2.215 0.5401757 2.255 0 P 0
L 0.5401757 2.215 0.5801757 2.215 0 P 0
L 0.5401757 2.255 0.5801757 2.255 0 P 0
L 0.5451757 1.41 0.5451757 1.45 0 P 0
L 0.5451757 1.41 0.5851757 1.41 0 P 0
L 0.5451757 1.45 0.5851757 1.45 0 P 0
L 0.555 1.14 0.555 1.18 0 P 0
L 0.56 1.03 0.56 1.07 0 P 0
L 0.56 1.655 0.56 1.695 0 P 0
L 0.56 1.655 0.6 1.655 0 P 0
L 0.56 1.695 0.6 1.695 0 P 0
L 0.56 1.785 0.56 1.825 0 P 0
L 0.56 1.785 0.6 1.785 0 P 0
L 0.56 1.825 0.6 1.825 0 P 0
L 0.575 0.67 0.575 0.71 0 P 0
L 0.58 2.02 0.58 2.06 0 P 0
L 0.58 2.405 0.58 2.445 0 P 0
L 0.58 2.5375 0.58 2.5775 0 P 0
L 0.58 2.67 0.58 2.71 0 P 0
L 0.5801757 2.215 0.5801757 2.255 0 P 0
L 0.5851757 1.41 0.5851757 1.45 0 P 0
L 0.6 1.655 0.6 1.695 0 P 0
L 0.6 1.785 0.6 1.825 0 P 0
L 0.68 0.2249919 0.68 0.2 0 P 0
L 0.68 0.2249919 0.6966613 0.2249919 0 P 0
L 0.68 0.2499838 0.68 0.2249919 0 P 0
L 0.69 3.32 0.69 3.36 0 P 0
L 0.69 3.32 0.73 3.32 0 P 0
L 0.69 3.36 0.73 3.36 0 P 0
L 0.695 2.67 0.695 2.71 0 P 0
L 0.695 2.67 0.735 2.67 0 P 0
L 0.695 2.71 0.735 2.71 0 P 0
L 0.6966613 0.2249919 0.68 0.2249919 0 P 0
L 0.7133226 0.2499838 0.68 0.2499838 0 P 0
L 0.71375 1.78625 0.71375 1.82625 0 P 0
L 0.71375 1.78625 0.75375 1.78625 0 P 0
L 0.71375 1.82625 0.75375 1.82625 0 P 0
L 0.73 3.32 0.73 3.36 0 P 0
L 0.735 2.67 0.735 2.71 0 P 0
L 0.7453514 2.215 0.7453514 2.255 0 P 0
L 0.7453514 2.215 0.7853514 2.215 0 P 0
L 0.7453514 2.255 0.7853514 2.255 0 P 0
L 0.7503514 1.41 0.7503514 1.45 0 P 0
L 0.7503514 1.41 0.7903514 1.41 0 P 0
L 0.7503514 1.45 0.7903514 1.45 0 P 0
L 0.75375 1.78625 0.75375 1.82625 0 P 0
L 0.7547 1.5949919 0.7547 1.57 0 P 0
L 0.7547 1.5949919 0.7713613 1.5949919 0 P 0
L 0.7547 1.6199838 0.7547 1.5949919 0 P 0
L 0.7547 2.0673919 0.7547 2.0424 0 P 0
L 0.7547 2.0673919 0.7713613 2.0673919 0 P 0
L 0.7547 2.0923838 0.7547 2.0673919 0 P 0
L 0.7597 2.4799919 0.7597 2.455 0 P 0
L 0.7597 2.4799919 0.7763613 2.4799919 0 P 0
L 0.7597 2.5049838 0.7597 2.4799919 0 P 0
L 0.7597 2.9523919 0.7597 2.9274 0 P 0
L 0.7597 2.9523919 0.7763613 2.9523919 0 P 0
L 0.7597 2.9773838 0.7597 2.9523919 0 P 0
L 0.7713613 1.5949919 0.7547 1.5949919 0 P 0
L 0.7713613 2.0673919 0.7547 2.0673919 0 P 0
L 0.7763613 2.4799919 0.7597 2.4799919 0 P 0
L 0.7763613 2.9523919 0.7597 2.9523919 0 P 0
L 0.7853514 2.215 0.7853514 2.255 0 P 0
L 0.7880226 1.6199838 0.7547 1.6199838 0 P 0
L 0.7880226 2.0923838 0.7547 2.0923838 0 P 0
L 0.7903514 1.41 0.7903514 1.45 0 P 0
L 0.7930226 2.5049838 0.7597 2.5049838 0 P 0
L 0.7930226 2.9773838 0.7597 2.9773838 0 P 0
L 0.83 0.2249919 0.83 0.2 0 P 0
L 0.83 0.2249919 0.8466613 0.2249919 0 P 0
L 0.83 0.2499838 0.83 0.2249919 0 P 0
L 0.8466613 0.2249919 0.83 0.2249919 0 P 0
L 0.85 2.67 0.85 2.71 0 P 0
L 0.85 2.67 0.89 2.67 0 P 0
L 0.85 2.71 0.89 2.71 0 P 0
L 0.8633226 0.2499838 0.83 0.2499838 0 P 0
L 0.8675 1.78625 0.8675 1.82625 0 P 0
L 0.8675 1.78625 0.9075 1.78625 0 P 0
L 0.8675 1.82625 0.9075 1.82625 0 P 0
L 0.885 2.02 0.885 2.06 0 P 0
L 0.885 2.02 0.925 2.02 0 P 0
L 0.885 2.06 0.925 2.06 0 P 0
L 0.885 2.215 0.885 2.255 0 P 0
L 0.885 2.215 0.925 2.215 0 P 0
L 0.885 2.255 0.925 2.255 0 P 0
L 0.885 2.435 0.885 2.475 0 P 0
L 0.885 2.435 0.925 2.435 0 P 0
L 0.885 2.475 0.925 2.475 0 P 0
L 0.89 2.67 0.89 2.71 0 P 0
L 0.905 3.32 0.905 3.36 0 P 0
L 0.905 3.32 0.945 3.32 0 P 0
L 0.905 3.36 0.945 3.36 0 P 0
L 0.9075 1.78625 0.9075 1.82625 0 P 0
L 0.925 2.02 0.925 2.06 0 P 0
L 0.925 2.215 0.925 2.255 0 P 0
L 0.925 2.435 0.925 2.475 0 P 0
L 0.945 3.32 0.945 3.36 0 P 0
L 0.98 0.2249919 0.98 0.2 0 P 0
L 0.98 0.2249919 0.9966613 0.2249919 0 P 0
L 0.98 0.2499838 0.98 0.2249919 0 P 0
L 0.9966613 0.2249919 0.98 0.2249919 0 P 0
L 1.005 2.67 1.005 2.71 0 P 0
L 1.005 2.67 1.045 2.67 0 P 0
L 1.005 2.71 1.045 2.71 0 P 0
L 1.0133226 0.2499838 0.98 0.2499838 0 P 0
L 1.02125 1.78625 1.02125 1.82625 0 P 0
L 1.02125 1.78625 1.06125 1.78625 0 P 0
L 1.02125 1.82625 1.06125 1.82625 0 P 0
L 1.045 2.67 1.045 2.71 0 P 0
L 1.06125 1.78625 1.06125 1.82625 0 P 0
L 1.16 2.67 1.16 2.71 0 P 0
L 1.16 2.67 1.2 2.67 0 P 0
L 1.16 2.71 1.2 2.71 0 P 0
L 1.175 1.78625 1.175 1.82625 0 P 0
L 1.175 1.78625 1.215 1.78625 0 P 0
L 1.175 1.82625 1.215 1.82625 0 P 0
L 1.195 2.275 1.195 2.315 0 P 0
L 1.195 2.275 1.235 2.275 0 P 0
L 1.195 2.315 1.235 2.315 0 P 0
L 1.2 2.67 1.2 2.71 0 P 0
L 1.215 1.78625 1.215 1.82625 0 P 0
L 1.235 1.5949919 1.235 1.57 0 P 0
L 1.235 1.5949919 1.2516613 1.5949919 0 P 0
L 1.235 1.6199838 1.235 1.5949919 0 P 0
L 1.235 2.0673919 1.235 2.0424 0 P 0
L 1.235 2.0673919 1.2516613 2.0673919 0 P 0
L 1.235 2.0923838 1.235 2.0673919 0 P 0
L 1.235 2.275 1.235 2.315 0 P 0
L 1.24 2.4799919 1.24 2.455 0 P 0
L 1.24 2.4799919 1.2566613 2.4799919 0 P 0
L 1.24 2.5049838 1.24 2.4799919 0 P 0
L 1.24 2.9523919 1.24 2.9274 0 P 0
L 1.24 2.9523919 1.2566613 2.9523919 0 P 0
L 1.24 2.9773838 1.24 2.9523919 0 P 0
L 1.2516613 1.5949919 1.235 1.5949919 0 P 0
L 1.2516613 2.0673919 1.235 2.0673919 0 P 0
L 1.2566613 2.4799919 1.24 2.4799919 0 P 0
L 1.2566613 2.9523919 1.24 2.9523919 0 P 0
L 1.2683226 1.6199838 1.235 1.6199838 0 P 0
L 1.2683226 2.0923838 1.235 2.0923838 0 P 0
L 1.27 0.195 1.27 0.235 0 P 0
L 1.27 0.195 1.31 0.195 0 P 0
L 1.27 0.235 1.31 0.235 0 P 0
L 1.2733226 2.5049838 1.24 2.5049838 0 P 0
L 1.2733226 2.9773838 1.24 2.9773838 0 P 0
L 1.31 0.195 1.31 0.235 0 P 0
L 1.3149 1.8311919 1.3149 1.8062 0 P 0
L 1.3149 1.8311919 1.3315613 1.8311919 0 P 0
L 1.3149 1.8561838 1.3149 1.8311919 0 P 0
L 1.3199 2.7161919 1.3199 2.6912 0 P 0
L 1.3199 2.7161919 1.3365613 2.7161919 0 P 0
L 1.3199 2.7411838 1.3199 2.7161919 0 P 0
L 1.3315613 1.8311919 1.3149 1.8311919 0 P 0
L 1.335 1.02 1.335 1.06 0 P 0
L 1.335 1.02 1.375 1.02 0 P 0
L 1.335 1.06 1.375 1.06 0 P 0
L 1.3365613 2.7161919 1.3199 2.7161919 0 P 0
L 1.34 0.4021 1.34 0.4421 0 P 0
L 1.34 0.4021 1.38 0.4021 0 P 0
L 1.34 0.4421 1.38 0.4421 0 P 0
L 1.34 1.2879 1.34 1.3279 0 P 0
L 1.34 1.2879 1.38 1.2879 0 P 0
L 1.34 1.3279 1.38 1.3279 0 P 0
L 1.348 0.4101 1.348 0.4341 0 P 0
L 1.348 0.4101 1.372 0.4101 0 P 0
L 1.348 0.4341 1.372 0.4341 0 P 0
L 1.348 1.2959 1.348 1.3199 0 P 0
L 1.348 1.2959 1.372 1.2959 0 P 0
L 1.348 1.3199 1.372 1.3199 0 P 0
L 1.3482226 1.8561838 1.3149 1.8561838 0 P 0
L 1.3532226 2.7411838 1.3199 2.7411838 0 P 0
L 1.372 0.4101 1.372 0.4341 0 P 0
L 1.372 1.2959 1.372 1.3199 0 P 0
L 1.375 1.02 1.375 1.06 0 P 0
L 1.38 0.4021 1.38 0.4421 0 P 0
L 1.38 1.2879 1.38 1.3279 0 P 0
L 1.44 3.175 1.44 3.215 0 P 0
L 1.44 3.175 1.48 3.175 0 P 0
L 1.44 3.215 1.48 3.215 0 P 0
L 1.44 3.385 1.44 3.425 0 P 0
L 1.44 3.385 1.48 3.385 0 P 0
L 1.44 3.425 1.48 3.425 0 P 0
L 1.47 2.195 1.47 2.235 0 P 0
L 1.47 2.195 1.51 2.195 0 P 0
L 1.47 2.235 1.51 2.235 0 P 0
L 1.48 3.175 1.48 3.215 0 P 0
L 1.48 3.385 1.48 3.425 0 P 0
L 1.51 2.195 1.51 2.235 0 P 0
L 1.525 2.375 1.525 2.415 0 P 0
L 1.525 2.375 1.565 2.375 0 P 0
L 1.525 2.415 1.565 2.415 0 P 0
L 1.55 0.185 1.55 0.225 0 P 0
L 1.55 0.185 1.59 0.185 0 P 0
L 1.55 0.225 1.59 0.225 0 P 0
L 1.565 2.375 1.565 2.415 0 P 0
L 1.59 0.185 1.59 0.225 0 P 0
L 1.64 2.375 1.64 2.415 0 P 0
L 1.64 2.375 1.68 2.375 0 P 0
L 1.64 2.415 1.68 2.415 0 P 0
L 1.66 2.605 1.66 2.645 0 P 0
L 1.66 2.605 1.7 2.605 0 P 0
L 1.66 2.645 1.7 2.645 0 P 0
L 1.67 1.825 1.67 1.865 0 P 0
L 1.67 1.825 1.71 1.825 0 P 0
L 1.67 1.865 1.71 1.865 0 P 0
L 1.67 3.385 1.67 3.425 0 P 0
L 1.67 3.385 1.71 3.385 0 P 0
L 1.67 3.425 1.71 3.425 0 P 0
L 1.68 2.375 1.68 2.415 0 P 0
L 1.685 0.45 1.685 0.49 0 P 0
L 1.685 0.45 1.725 0.45 0 P 0
L 1.685 0.49 1.725 0.49 0 P 0
L 1.7 2.605 1.7 2.645 0 P 0
L 1.71 1.825 1.71 1.865 0 P 0
L 1.71 3.385 1.71 3.425 0 P 0
L 1.725 0.45 1.725 0.49 0 P 0
L 1.755 1.02 1.755 1.06 0 P 0
L 1.755 1.02 1.795 1.02 0 P 0
L 1.755 1.06 1.795 1.06 0 P 0
L 1.76 0.72 1.76 0.76 0 P 0
L 1.76 0.72 1.8 0.72 0 P 0
L 1.76 0.76 1.8 0.76 0 P 0
L 1.795 1.02 1.795 1.06 0 P 0
L 1.8 0.72 1.8 0.76 0 P 0
L 1.84 1.84 1.84 1.88 0 P 0
L 1.84 1.84 1.88 1.84 0 P 0
L 1.84 1.88 1.88 1.88 0 P 0
L 1.88 1.84 1.88 1.88 0 P 0
L 1.9 1.545 1.9 1.585 0 P 0
L 1.9 1.545 1.94 1.545 0 P 0
L 1.9 1.585 1.94 1.585 0 P 0
L 1.94 1.545 1.94 1.585 0 P 0
L 1.96 0.15 1.96 0.19 0 P 0
L 1.96 0.15 2 0.15 0 P 0
L 1.96 0.19 2 0.19 0 P 0
L 1.9729134 2.0428346 1.9829134 2.0428346 0 P 0
L 1.9729134 2.0428346 1.9829134 2.0528346 0 P 0
L 1.9729134 2.0628346 1.9829134 2.0528346 0 P 0
L 1.9729134 2.0628346 1.9829134 2.0628346 0 P 0
L 1.98 2.685 1.98 2.725 0 P 0
L 1.98 2.685 2.02 2.685 0 P 0
L 1.98 2.725 2.02 2.725 0 P 0
L 1.981029 2.5638726 1.981029 2.6038726 0 P 0
L 1.981029 2.5638726 2.021029 2.5638726 0 P 0
L 1.981029 2.6038726 2.021029 2.6038726 0 P 0
L 1.9821396 1.875858 1.9821396 1.915858 0 P 0
L 1.9821396 1.875858 2.0221396 1.875858 0 P 0
L 1.9821396 1.915858 2.0221396 1.915858 0 P 0
L 1.9829134 2.0428346 1.9929134 2.0328346 0 P 0
L 1.9829134 2.0628346 1.9929134 2.0728346 0 P 0
L 1.9929134 2.0328346 2.0029134 2.0428346 0 P 0
L 1.9929134 2.0728346 2.0029134 2.0628346 0 P 0
L 2 0.15 2 0.19 0 P 0
L 2.0000542 1.6663296 2.0000542 1.7063296 0 P 0
L 2.0000542 1.6663296 2.0400542 1.6663296 0 P 0
L 2.0000542 1.7063296 2.0400542 1.7063296 0 P 0
L 2.0029134 2.0428346 2.0129134 2.0428346 0 P 0
L 2.0029134 2.0528346 2.0129134 2.0428346 0 P 0
L 2.0029134 2.0528346 2.0129134 2.0628346 0 P 0
L 2.0029134 2.0628346 2.0129134 2.0628346 0 P 0
L 2.015 3.065 2.015 3.105 0 P 0
L 2.015 3.065 2.055 3.065 0 P 0
L 2.015 3.105 2.055 3.105 0 P 0
L 2.02 2.685 2.02 2.725 0 P 0
L 2.021029 2.5638726 2.021029 2.6038726 0 P 0
L 2.0221396 1.875858 2.0221396 1.915858 0 P 0
L 2.0400542 1.6663296 2.0400542 1.7063296 0 P 0
L 2.055 3.065 2.055 3.105 0 P 0
L 2.0675 1.545 2.0675 1.585 0 P 0
L 2.0675 1.545 2.1075 1.545 0 P 0
L 2.0675 1.585 2.1075 1.585 0 P 0
L 2.07 1.775 2.07 1.815 0 P 0
L 2.07 1.775 2.11 1.775 0 P 0
L 2.07 1.815 2.11 1.815 0 P 0
L 2.1075 1.545 2.1075 1.585 0 P 0
L 2.11 0.725 2.11 0.765 0 P 0
L 2.11 0.725 2.15 0.725 0 P 0
L 2.11 0.765 2.15 0.765 0 P 0
L 2.11 1.025 2.11 1.065 0 P 0
L 2.11 1.025 2.15 1.025 0 P 0
L 2.11 1.065 2.15 1.065 0 P 0
L 2.11 1.775 2.11 1.815 0 P 0
L 2.125 3.22 2.125 3.26 0 P 0
L 2.125 3.22 2.165 3.22 0 P 0
L 2.125 3.26 2.165 3.26 0 P 0
L 2.13 2.67 2.13 2.71 0 P 0
L 2.13 2.67 2.17 2.67 0 P 0
L 2.13 2.71 2.17 2.71 0 P 0
L 2.14 3.34 2.14 3.38 0 P 0
L 2.14 3.34 2.18 3.34 0 P 0
L 2.14 3.38 2.18 3.38 0 P 0
L 2.15 0.725 2.15 0.765 0 P 0
L 2.15 1.025 2.15 1.065 0 P 0
L 2.1567028 1.6663296 2.1567028 1.7063296 0 P 0
L 2.1567028 1.6663296 2.1967028 1.6663296 0 P 0
L 2.1567028 1.7063296 2.1967028 1.7063296 0 P 0
L 2.165 3.22 2.165 3.26 0 P 0
L 2.17 2.67 2.17 2.71 0 P 0
L 2.18 3.34 2.18 3.38 0 P 0
L 2.19 1.97 2.19 2.01 0 P 0
L 2.19 1.97 2.23 1.97 0 P 0
L 2.19 2.01 2.23 2.01 0 P 0
L 2.19 2.205 2.19 2.245 0 P 0
L 2.19 2.205 2.23 2.205 0 P 0
L 2.19 2.245 2.23 2.245 0 P 0
L 2.19 2.365 2.19 2.405 0 P 0
L 2.19 2.365 2.23 2.365 0 P 0
L 2.19 2.405 2.23 2.405 0 P 0
L 2.1967028 1.6663296 2.1967028 1.7063296 0 P 0
L 2.2071176 1.793209 2.2071176 1.833209 0 P 0
L 2.2071176 1.793209 2.2471176 1.793209 0 P 0
L 2.2071176 1.833209 2.2471176 1.833209 0 P 0
L 2.23 1.97 2.23 2.01 0 P 0
L 2.23 2.205 2.23 2.245 0 P 0
L 2.23 2.365 2.23 2.405 0 P 0
L 2.235 1.545 2.235 1.585 0 P 0
L 2.235 1.545 2.275 1.545 0 P 0
L 2.235 1.585 2.275 1.585 0 P 0
L 2.2471176 1.793209 2.2471176 1.833209 0 P 0
L 2.275 1.545 2.275 1.585 0 P 0
L 2.285 2.845 2.285 2.885 0 P 0
L 2.285 2.845 2.325 2.845 0 P 0
L 2.285 2.885 2.325 2.885 0 P 0
L 2.29 2.05 2.29 2.09 0 P 0
L 2.29 2.05 2.33 2.05 0 P 0
L 2.29 2.09 2.33 2.09 0 P 0
L 2.3133514 1.6663296 2.3133514 1.7063296 0 P 0
L 2.3133514 1.6663296 2.3533514 1.6663296 0 P 0
L 2.3133514 1.7063296 2.3533514 1.7063296 0 P 0
L 2.325 2.845 2.325 2.885 0 P 0
L 2.33 2.05 2.33 2.09 0 P 0
L 2.3533514 1.6663296 2.3533514 1.7063296 0 P 0
L 2.3567716 0.72 2.3667716 0.72 0 P 0
L 2.3567716 0.72 2.3667716 0.73 0 P 0
L 2.3567716 0.74 2.3667716 0.73 0 P 0
L 2.3567716 0.74 2.3667716 0.74 0 P 0
L 2.36 2.15 2.36 2.19 0 P 0
L 2.36 2.15 2.4 2.15 0 P 0
L 2.36 2.19 2.4 2.19 0 P 0
L 2.36 2.565 2.36 2.605 0 P 0
L 2.36 2.565 2.4 2.565 0 P 0
L 2.36 2.605 2.4 2.605 0 P 0
L 2.3667716 0.72 2.3767716 0.71 0 P 0
L 2.3667716 0.74 2.3767716 0.75 0 P 0
L 2.37 1.79 2.37 1.83 0 P 0
L 2.37 1.79 2.41 1.79 0 P 0
L 2.37 1.83 2.41 1.83 0 P 0
L 2.3767716 0.71 2.3867716 0.72 0 P 0
L 2.3767716 0.75 2.3867716 0.74 0 P 0
L 2.3867716 0.72 2.3967716 0.72 0 P 0
L 2.3867716 0.73 2.3967716 0.72 0 P 0
L 2.3867716 0.73 2.3967716 0.74 0 P 0
L 2.3867716 0.74 2.3967716 0.74 0 P 0
L 2.4 2.15 2.4 2.19 0 P 0
L 2.4 2.565 2.4 2.605 0 P 0
L 2.4025 1.545 2.4025 1.585 0 P 0
L 2.4025 1.545 2.4425 1.545 0 P 0
L 2.4025 1.585 2.4425 1.585 0 P 0
L 2.41 1.79 2.41 1.83 0 P 0
L 2.42 1.015 2.42 1.055 0 P 0
L 2.42 1.015 2.46 1.015 0 P 0
L 2.42 1.055 2.46 1.055 0 P 0
L 2.4425 1.545 2.4425 1.585 0 P 0
L 2.46 1.015 2.46 1.055 0 P 0
L 2.4650394 2.235748 2.4750394 2.235748 0 P 0
L 2.4650394 2.235748 2.4750394 2.245748 0 P 0
L 2.4650394 2.255748 2.4750394 2.245748 0 P 0
L 2.4650394 2.255748 2.4750394 2.255748 0 P 0
L 2.47 1.6663296 2.47 1.7063296 0 P 0
L 2.47 1.6663296 2.51 1.6663296 0 P 0
L 2.47 1.7063296 2.51 1.7063296 0 P 0
L 2.4750394 2.235748 2.4850394 2.225748 0 P 0
L 2.4750394 2.255748 2.4850394 2.265748 0 P 0
L 2.4850394 2.225748 2.4950394 2.235748 0 P 0
L 2.4850394 2.265748 2.4950394 2.255748 0 P 0
L 2.4950394 2.235748 2.5050394 2.235748 0 P 0
L 2.4950394 2.245748 2.5050394 2.235748 0 P 0
L 2.4950394 2.245748 2.5050394 2.255748 0 P 0
L 2.4950394 2.255748 2.5050394 2.255748 0 P 0
L 2.5 3.13 2.5 3.17 0 P 0
L 2.5 3.13 2.54 3.13 0 P 0
L 2.5 3.17 2.54 3.17 0 P 0
L 2.505 3.04 2.505 3.08 0 P 0
L 2.505 3.04 2.545 3.04 0 P 0
L 2.505 3.08 2.545 3.08 0 P 0
L 2.51 1.6663296 2.51 1.7063296 0 P 0
L 2.51 2.94 2.51 2.98 0 P 0
L 2.51 2.94 2.55 2.94 0 P 0
L 2.51 2.98 2.55 2.98 0 P 0
L 2.5297564 0.1384566 2.5297564 0.1784566 0 P 0
L 2.5297564 0.1384566 2.5697564 0.1384566 0 P 0
L 2.5297564 0.1784566 2.5697564 0.1784566 0 P 0
L 2.53 1.825 2.53 1.865 0 P 0
L 2.53 1.825 2.57 1.825 0 P 0
L 2.53 1.865 2.57 1.865 0 P 0
L 2.54 3.13 2.54 3.17 0 P 0
L 2.545 3.04 2.545 3.08 0 P 0
L 2.55 2.94 2.55 2.98 0 P 0
L 2.5697564 0.1384566 2.5697564 0.1784566 0 P 0
L 2.57 1.545 2.57 1.585 0 P 0
L 2.57 1.545 2.61 1.545 0 P 0
L 2.57 1.585 2.61 1.585 0 P 0
L 2.57 1.825 2.57 1.865 0 P 0
L 2.593 0.72 2.603 0.72 0 P 0
L 2.593 0.72 2.603 0.73 0 P 0
L 2.593 0.74 2.603 0.73 0 P 0
L 2.593 0.74 2.603 0.74 0 P 0
L 2.603 0.72 2.613 0.71 0 P 0
L 2.603 0.74 2.613 0.75 0 P 0
L 2.6096748 2.1286864 2.6096748 2.1686864 0 P 0
L 2.6096748 2.1286864 2.6496748 2.1286864 0 P 0
L 2.6096748 2.1686864 2.6496748 2.1686864 0 P 0
L 2.61 1.545 2.61 1.585 0 P 0
L 2.613 0.71 2.623 0.72 0 P 0
L 2.613 0.75 2.623 0.74 0 P 0
L 2.615 2.295 2.615 2.335 0 P 0
L 2.615 2.295 2.655 2.295 0 P 0
L 2.615 2.335 2.655 2.335 0 P 0
L 2.623 0.72 2.633 0.72 0 P 0
L 2.623 0.73 2.633 0.72 0 P 0
L 2.623 0.73 2.633 0.74 0 P 0
L 2.623 0.74 2.633 0.74 0 P 0
L 2.625 0.42 2.625 0.46 0 P 0
L 2.625 0.42 2.665 0.42 0 P 0
L 2.625 0.46 2.665 0.46 0 P 0
L 2.6496748 2.1286864 2.6496748 2.1686864 0 P 0
L 2.65 2.65 2.65 2.69 0 P 0
L 2.65 2.65 2.69 2.65 0 P 0
L 2.65 2.69 2.69 2.69 0 P 0
L 2.655 2.295 2.655 2.335 0 P 0
L 2.665 0.42 2.665 0.46 0 P 0
L 2.68 1.01 2.68 1.05 0 P 0
L 2.68 1.01 2.72 1.01 0 P 0
L 2.68 1.05 2.72 1.05 0 P 0
L 2.69 2.65 2.69 2.69 0 P 0
L 2.72 1.01 2.72 1.05 0 P 0
L 2.7732952 2.863751 2.7732952 2.903751 0 P 0
L 2.7732952 2.863751 2.8132952 2.863751 0 P 0
L 2.7732952 2.903751 2.8132952 2.903751 0 P 0
L 2.775 3.38 2.775 3.42 0 P 0
L 2.775 3.38 2.815 3.38 0 P 0
L 2.775 3.42 2.815 3.42 0 P 0
L 2.78 0.72 2.79 0.72 0 P 0
L 2.78 0.72 2.79 0.73 0 P 0
L 2.78 0.74 2.79 0.73 0 P 0
L 2.78 0.74 2.79 0.74 0 P 0
L 2.78 2.0428346 2.79 2.0428346 0 P 0
L 2.78 2.0428346 2.79 2.0528346 0 P 0
L 2.78 2.0628346 2.79 2.0528346 0 P 0
L 2.78 2.0628346 2.79 2.0628346 0 P 0
L 2.78 2.235748 2.79 2.235748 0 P 0
L 2.78 2.235748 2.79 2.245748 0 P 0
L 2.78 2.255748 2.79 2.245748 0 P 0
L 2.78 2.255748 2.79 2.255748 0 P 0
L 2.785 0.42 2.785 0.46 0 P 0
L 2.785 0.42 2.825 0.42 0 P 0
L 2.785 0.46 2.825 0.46 0 P 0
L 2.79 0.72 2.8 0.71 0 P 0
L 2.79 0.74 2.8 0.75 0 P 0
L 2.79 2.0428346 2.8 2.0328346 0 P 0
L 2.79 2.0628346 2.8 2.0728346 0 P 0
L 2.79 2.235748 2.8 2.225748 0 P 0
L 2.79 2.255748 2.8 2.265748 0 P 0
L 2.8 0.71 2.81 0.72 0 P 0
L 2.8 0.75 2.81 0.74 0 P 0
L 2.8 2.0328346 2.81 2.0428346 0 P 0
L 2.8 2.0728346 2.81 2.0628346 0 P 0
L 2.8 2.225748 2.81 2.235748 0 P 0
L 2.8 2.265748 2.81 2.255748 0 P 0
L 2.81 0.72 2.82 0.72 0 P 0
L 2.81 0.73 2.82 0.72 0 P 0
L 2.81 0.73 2.82 0.74 0 P 0
L 2.81 0.74 2.82 0.74 0 P 0
L 2.81 2.0428346 2.82 2.0428346 0 P 0
L 2.81 2.0528346 2.82 2.0428346 0 P 0
L 2.81 2.0528346 2.82 2.0628346 0 P 0
L 2.81 2.0628346 2.82 2.0628346 0 P 0
L 2.81 2.235748 2.82 2.235748 0 P 0
L 2.81 2.245748 2.82 2.235748 0 P 0
L 2.81 2.245748 2.82 2.255748 0 P 0
L 2.81 2.255748 2.82 2.255748 0 P 0
L 2.8132952 2.863751 2.8132952 2.903751 0 P 0
L 2.815 3.38 2.815 3.42 0 P 0
L 2.825 0.42 2.825 0.46 0 P 0
L 2.845 3.057 2.845 3.097 0 P 0
L 2.845 3.057 2.885 3.057 0 P 0
L 2.845 3.097 2.885 3.097 0 P 0
L 2.845 3.129 2.845 3.169 0 P 0
L 2.845 3.129 2.885 3.129 0 P 0
L 2.845 3.169 2.885 3.169 0 P 0
L 2.845 3.201 2.845 3.241 0 P 0
L 2.845 3.201 2.885 3.201 0 P 0
L 2.845 3.241 2.885 3.241 0 P 0
L 2.885 3.057 2.885 3.097 0 P 0
L 2.885 3.129 2.885 3.169 0 P 0
L 2.885 3.201 2.885 3.241 0 P 0
L 2.918 3.057 2.918 3.097 0 P 0
L 2.918 3.057 2.958 3.057 0 P 0
L 2.918 3.097 2.958 3.097 0 P 0
L 2.918 3.129 2.918 3.169 0 P 0
L 2.918 3.129 2.958 3.129 0 P 0
L 2.918 3.169 2.958 3.169 0 P 0
L 2.918 3.201 2.918 3.241 0 P 0
L 2.918 3.201 2.958 3.201 0 P 0
L 2.918 3.241 2.958 3.241 0 P 0
L 2.92 0.23 2.93 0.23 0 P 0
L 2.92 0.23 2.93 0.24 0 P 0
L 2.92 0.25 2.93 0.24 0 P 0
L 2.92 0.25 2.93 0.25 0 P 0
L 2.92 0.33 2.93 0.33 0 P 0
L 2.92 0.33 2.93 0.34 0 P 0
L 2.92 0.35 2.93 0.34 0 P 0
L 2.92 0.35 2.93 0.35 0 P 0
L 2.92 2.275 2.92 2.315 0 P 0
L 2.92 2.275 2.96 2.275 0 P 0
L 2.92 2.315 2.96 2.315 0 P 0
L 2.9264788 2.8705592 2.9264788 2.9105592 0 P 0
L 2.9264788 2.8705592 2.9664788 2.8705592 0 P 0
L 2.9264788 2.9105592 2.9664788 2.9105592 0 P 0
L 2.93 0.23 2.94 0.22 0 P 0
L 2.93 0.25 2.94 0.26 0 P 0
L 2.93 0.33 2.94 0.32 0 P 0
L 2.93 0.35 2.94 0.36 0 P 0
L 2.93 3.38 2.93 3.42 0 P 0
L 2.93 3.38 2.97 3.38 0 P 0
L 2.93 3.42 2.97 3.42 0 P 0
L 2.935 2.505412 2.935 2.545412 0 P 0
L 2.935 2.505412 2.975 2.505412 0 P 0
L 2.935 2.545412 2.975 2.545412 0 P 0
L 2.9355273 2.6355273 2.9355273 2.6755273 0 P 0
L 2.9355273 2.6355273 2.9755273 2.6355273 0 P 0
L 2.9355273 2.6755273 2.9755273 2.6755273 0 P 0
L 2.94 0.22 2.95 0.23 0 P 0
L 2.94 0.26 2.95 0.25 0 P 0
L 2.94 0.32 2.95 0.33 0 P 0
L 2.94 0.36 2.95 0.35 0 P 0
L 2.95 0.23 2.96 0.23 0 P 0
L 2.95 0.24 2.96 0.23 0 P 0
L 2.95 0.24 2.96 0.25 0 P 0
L 2.95 0.25 2.96 0.25 0 P 0
L 2.95 0.33 2.96 0.33 0 P 0
L 2.95 0.34 2.96 0.33 0 P 0
L 2.95 0.34 2.96 0.35 0 P 0
L 2.95 0.35 2.96 0.35 0 P 0
L 2.958 3.057 2.958 3.097 0 P 0
L 2.958 3.129 2.958 3.169 0 P 0
L 2.958 3.201 2.958 3.241 0 P 0
L 2.96 2.275 2.96 2.315 0 P 0
L 2.9664788 2.8705592 2.9664788 2.9105592 0 P 0
L 2.97 3.38 2.97 3.42 0 P 0
L 2.975 2.505412 2.975 2.545412 0 P 0
L 2.9755273 2.6355273 2.9755273 2.6755273 0 P 0
L 2.985 2.22 2.985 2.26 0 P 0
L 2.985 2.22 3.025 2.22 0 P 0
L 2.985 2.26 3.025 2.26 0 P 0
L 2.991 3.057 2.991 3.097 0 P 0
L 2.991 3.057 3.031 3.057 0 P 0
L 2.991 3.097 3.031 3.097 0 P 0
L 2.991 3.129 2.991 3.169 0 P 0
L 2.991 3.129 3.031 3.129 0 P 0
L 2.991 3.169 3.031 3.169 0 P 0
L 2.991 3.201 2.991 3.241 0 P 0
L 2.991 3.201 3.031 3.201 0 P 0
L 2.991 3.241 3.031 3.241 0 P 0
L 3.02 0.23 3.03 0.23 0 P 0
L 3.02 0.23 3.03 0.24 0 P 0
L 3.02 0.25 3.03 0.24 0 P 0
L 3.02 0.25 3.03 0.25 0 P 0
L 3.02 0.33 3.03 0.33 0 P 0
L 3.02 0.33 3.03 0.34 0 P 0
L 3.02 0.35 3.03 0.34 0 P 0
L 3.02 0.35 3.03 0.35 0 P 0
L 3.025 2.22 3.025 2.26 0 P 0
L 3.03 0.23 3.04 0.22 0 P 0
L 3.03 0.25 3.04 0.26 0 P 0
L 3.03 0.33 3.04 0.32 0 P 0
L 3.03 0.35 3.04 0.36 0 P 0
L 3.03 2.63 3.03 2.67 0 P 0
L 3.03 2.63 3.07 2.63 0 P 0
L 3.03 2.67 3.07 2.67 0 P 0
L 3.031 3.057 3.031 3.097 0 P 0
L 3.031 3.129 3.031 3.169 0 P 0
L 3.031 3.201 3.031 3.241 0 P 0
L 3.04 0.22 3.05 0.23 0 P 0
L 3.04 0.26 3.05 0.25 0 P 0
L 3.04 0.32 3.05 0.33 0 P 0
L 3.04 0.36 3.05 0.35 0 P 0
L 3.045 2.275 3.045 2.315 0 P 0
L 3.045 2.275 3.085 2.275 0 P 0
L 3.045 2.315 3.085 2.315 0 P 0
L 3.05 0.23 3.06 0.23 0 P 0
L 3.05 0.24 3.06 0.23 0 P 0
L 3.05 0.24 3.06 0.25 0 P 0
L 3.05 0.25 3.06 0.25 0 P 0
L 3.05 0.33 3.06 0.33 0 P 0
L 3.05 0.34 3.06 0.33 0 P 0
L 3.05 0.34 3.06 0.35 0 P 0
L 3.05 0.35 3.06 0.35 0 P 0
L 3.0694498 3.3743624 3.0694498 3.4143624 0 P 0
L 3.0694498 3.3743624 3.1094498 3.3743624 0 P 0
L 3.0694498 3.4143624 3.1094498 3.4143624 0 P 0
L 3.07 2.63 3.07 2.67 0 P 0
L 3.085 2.275 3.085 2.315 0 P 0
L 3.09 2.985 3.09 3.025 0 P 0
L 3.09 2.985 3.13 2.985 0 P 0
L 3.09 3.025 3.13 3.025 0 P 0
L 3.1 2.365 3.1 2.405 0 P 0
L 3.1 2.365 3.14 2.365 0 P 0
L 3.1 2.405 3.14 2.405 0 P 0
L 3.1094498 3.3743624 3.1094498 3.4143624 0 P 0
L 3.12 0.23 3.13 0.23 0 P 0
L 3.12 0.23 3.13 0.24 0 P 0
L 3.12 0.25 3.13 0.24 0 P 0
L 3.12 0.25 3.13 0.25 0 P 0
L 3.12 0.33 3.13 0.33 0 P 0
L 3.12 0.33 3.13 0.34 0 P 0
L 3.12 0.35 3.13 0.34 0 P 0
L 3.12 0.35 3.13 0.35 0 P 0
L 3.125 1.28 3.125 1.32 0 P 0
L 3.125 1.28 3.165 1.28 0 P 0
L 3.125 1.32 3.165 1.32 0 P 0
L 3.13 0.23 3.14 0.22 0 P 0
L 3.13 0.25 3.14 0.26 0 P 0
L 3.13 0.33 3.14 0.32 0 P 0
L 3.13 0.35 3.14 0.36 0 P 0
L 3.13 2.985 3.13 3.025 0 P 0
L 3.14 0.22 3.15 0.23 0 P 0
L 3.14 0.26 3.15 0.25 0 P 0
L 3.14 0.32 3.15 0.33 0 P 0
L 3.14 0.36 3.15 0.35 0 P 0
L 3.14 2.365 3.14 2.405 0 P 0
L 3.15 0.23 3.16 0.23 0 P 0
L 3.15 0.24 3.16 0.23 0 P 0
L 3.15 0.24 3.16 0.25 0 P 0
L 3.15 0.25 3.16 0.25 0 P 0
L 3.15 0.33 3.16 0.33 0 P 0
L 3.15 0.34 3.16 0.33 0 P 0
L 3.15 0.34 3.16 0.35 0 P 0
L 3.15 0.35 3.16 0.35 0 P 0
L 3.16 3.29 3.16 3.33 0 P 0
L 3.16 3.29 3.2 3.29 0 P 0
L 3.16 3.33 3.2 3.33 0 P 0
L 3.165 1.28 3.165 1.32 0 P 0
L 3.165 3.095 3.165 3.135 0 P 0
L 3.165 3.095 3.205 3.095 0 P 0
L 3.165 3.135 3.205 3.135 0 P 0
L 3.17 0.97 3.17 1.01 0 P 0
L 3.17 0.97 3.21 0.97 0 P 0
L 3.17 1.01 3.21 1.01 0 P 0
L 3.175 1.505 3.175 1.545 0 P 0
L 3.175 1.505 3.215 1.505 0 P 0
L 3.175 1.545 3.215 1.545 0 P 0
L 3.18 2.3 3.18 2.34 0 P 0
L 3.18 2.3 3.22 2.3 0 P 0
L 3.18 2.34 3.22 2.34 0 P 0
L 3.2 0.82 3.21 0.82 0 P 0
L 3.2 0.82 3.21 0.83 0 P 0
L 3.2 0.84 3.21 0.83 0 P 0
L 3.2 0.84 3.21 0.84 0 P 0
L 3.2 1.12 3.21 1.12 0 P 0
L 3.2 1.12 3.21 1.13 0 P 0
L 3.2 1.14 3.21 1.13 0 P 0
L 3.2 1.14 3.21 1.14 0 P 0
L 3.2 3.29 3.2 3.33 0 P 0
L 3.200408 1.3383986 3.200408 1.3783986 0 P 0
L 3.200408 1.3383986 3.240408 1.3383986 0 P 0
L 3.200408 1.3783986 3.240408 1.3783986 0 P 0
L 3.205 3.095 3.205 3.135 0 P 0
L 3.2058393 2.62 3.2058393 2.66 0 P 0
L 3.2058393 2.62 3.2458393 2.62 0 P 0
L 3.2058393 2.66 3.2458393 2.66 0 P 0
L 3.21 0.82 3.22 0.81 0 P 0
L 3.21 0.84 3.22 0.85 0 P 0
L 3.21 0.97 3.21 1.01 0 P 0
L 3.21 1.12 3.22 1.11 0 P 0
L 3.21 1.14 3.22 1.15 0 P 0
L 3.215 1.505 3.215 1.545 0 P 0
L 3.22 0.81 3.23 0.82 0 P 0
L 3.22 0.85 3.23 0.84 0 P 0
L 3.22 1.11 3.23 1.12 0 P 0
L 3.22 1.15 3.23 1.14 0 P 0
L 3.22 2.3 3.22 2.34 0 P 0
L 3.23 0.82 3.24 0.82 0 P 0
L 3.23 0.83 3.24 0.82 0 P 0
L 3.23 0.83 3.24 0.84 0 P 0
L 3.23 0.84 3.24 0.84 0 P 0
L 3.23 1.12 3.24 1.12 0 P 0
L 3.23 1.13 3.24 1.12 0 P 0
L 3.23 1.13 3.24 1.14 0 P 0
L 3.23 1.14 3.24 1.14 0 P 0
L 3.240408 1.3383986 3.240408 1.3783986 0 P 0
L 3.2458393 2.62 3.2458393 2.66 0 P 0
L 3.25 1.275 3.25 1.315 0 P 0
L 3.25 1.275 3.29 1.275 0 P 0
L 3.25 1.315 3.29 1.315 0 P 0
L 3.28 1.785 3.29 1.785 0 P 0
L 3.28 1.785 3.29 1.795 0 P 0
L 3.28 1.805 3.29 1.795 0 P 0
L 3.28 1.805 3.29 1.805 0 P 0
L 3.28 1.885 3.29 1.885 0 P 0
L 3.28 1.885 3.29 1.895 0 P 0
L 3.28 1.905 3.29 1.895 0 P 0
L 3.28 1.905 3.29 1.905 0 P 0
L 3.28 1.985 3.29 1.985 0 P 0
L 3.28 1.985 3.29 1.995 0 P 0
L 3.28 2.005 3.29 1.995 0 P 0
L 3.28 2.005 3.29 2.005 0 P 0
L 3.28 2.085 3.29 2.085 0 P 0
L 3.28 2.085 3.29 2.095 0 P 0
L 3.28 2.105 3.29 2.095 0 P 0
L 3.28 2.105 3.29 2.105 0 P 0
L 3.28 2.185 3.29 2.185 0 P 0
L 3.28 2.185 3.29 2.195 0 P 0
L 3.28 2.205 3.29 2.195 0 P 0
L 3.28 2.205 3.29 2.205 0 P 0
L 3.29 1.275 3.29 1.315 0 P 0
L 3.29 1.785 3.3 1.775 0 P 0
L 3.29 1.805 3.3 1.815 0 P 0
L 3.29 1.885 3.3 1.875 0 P 0
L 3.29 1.905 3.3 1.915 0 P 0
L 3.29 1.985 3.3 1.975 0 P 0
L 3.29 2.005 3.3 2.015 0 P 0
L 3.29 2.085 3.3 2.075 0 P 0
L 3.29 2.105 3.3 2.115 0 P 0
L 3.29 2.185 3.3 2.175 0 P 0
L 3.29 2.205 3.3 2.215 0 P 0
L 3.3 0.82 3.31 0.82 0 P 0
L 3.3 0.82 3.31 0.83 0 P 0
L 3.3 0.84 3.31 0.83 0 P 0
L 3.3 0.84 3.31 0.84 0 P 0
L 3.3 1.12 3.31 1.12 0 P 0
L 3.3 1.12 3.31 1.13 0 P 0
L 3.3 1.14 3.31 1.13 0 P 0
L 3.3 1.14 3.31 1.14 0 P 0
L 3.3 1.775 3.31 1.785 0 P 0
L 3.3 1.815 3.31 1.805 0 P 0
L 3.3 1.875 3.31 1.885 0 P 0
L 3.3 1.915 3.31 1.905 0 P 0
L 3.3 1.975 3.31 1.985 0 P 0
L 3.3 2.015 3.31 2.005 0 P 0
L 3.3 2.075 3.31 2.085 0 P 0
L 3.3 2.115 3.31 2.105 0 P 0
L 3.3 2.175 3.31 2.185 0 P 0
L 3.3 2.215 3.31 2.205 0 P 0
L 3.31 0.82 3.32 0.81 0 P 0
L 3.31 0.84 3.32 0.85 0 P 0
L 3.31 1.12 3.32 1.11 0 P 0
L 3.31 1.14 3.32 1.15 0 P 0
L 3.31 1.785 3.32 1.785 0 P 0
L 3.31 1.795 3.32 1.785 0 P 0
L 3.31 1.795 3.32 1.805 0 P 0
L 3.31 1.805 3.32 1.805 0 P 0
L 3.31 1.885 3.32 1.885 0 P 0
L 3.31 1.895 3.32 1.885 0 P 0
L 3.31 1.895 3.32 1.905 0 P 0
L 3.31 1.905 3.32 1.905 0 P 0
L 3.31 1.985 3.32 1.985 0 P 0
L 3.31 1.995 3.32 1.985 0 P 0
L 3.31 1.995 3.32 2.005 0 P 0
L 3.31 2.005 3.32 2.005 0 P 0
L 3.31 2.085 3.32 2.085 0 P 0
L 3.31 2.095 3.32 2.085 0 P 0
L 3.31 2.095 3.32 2.105 0 P 0
L 3.31 2.105 3.32 2.105 0 P 0
L 3.31 2.185 3.32 2.185 0 P 0
L 3.31 2.195 3.32 2.185 0 P 0
L 3.31 2.195 3.32 2.205 0 P 0
L 3.31 2.205 3.32 2.205 0 P 0
L 3.32 0.81 3.33 0.82 0 P 0
L 3.32 0.85 3.33 0.84 0 P 0
L 3.32 1.11 3.33 1.12 0 P 0
L 3.32 1.15 3.33 1.14 0 P 0
L 3.33 0.82 3.34 0.82 0 P 0
L 3.33 0.83 3.34 0.82 0 P 0
L 3.33 0.83 3.34 0.84 0 P 0
L 3.33 0.84 3.34 0.84 0 P 0
L 3.33 1.12 3.34 1.12 0 P 0
L 3.33 1.13 3.34 1.12 0 P 0
L 3.33 1.13 3.34 1.14 0 P 0
L 3.33 1.14 3.34 1.14 0 P 0
L 3.34 0.97 3.34 1.01 0 P 0
L 3.34 0.97 3.38 0.97 0 P 0
L 3.34 1.01 3.38 1.01 0 P 0
L 3.37 1.28 3.37 1.32 0 P 0
L 3.37 1.28 3.41 1.28 0 P 0
L 3.37 1.32 3.41 1.32 0 P 0
L 3.38 0.97 3.38 1.01 0 P 0
L 3.38 1.785 3.39 1.785 0 P 0
L 3.38 1.785 3.39 1.795 0 P 0
L 3.38 1.805 3.39 1.795 0 P 0
L 3.38 1.805 3.39 1.805 0 P 0
L 3.38 1.885 3.39 1.885 0 P 0
L 3.38 1.885 3.39 1.895 0 P 0
L 3.38 1.905 3.39 1.895 0 P 0
L 3.38 1.905 3.39 1.905 0 P 0
L 3.38 1.985 3.39 1.985 0 P 0
L 3.38 1.985 3.39 1.995 0 P 0
L 3.38 2.005 3.39 1.995 0 P 0
L 3.38 2.005 3.39 2.005 0 P 0
L 3.38 2.085 3.39 2.085 0 P 0
L 3.38 2.085 3.39 2.095 0 P 0
L 3.38 2.105 3.39 2.095 0 P 0
L 3.38 2.105 3.39 2.105 0 P 0
L 3.38 2.185 3.39 2.185 0 P 0
L 3.38 2.185 3.39 2.195 0 P 0
L 3.38 2.205 3.39 2.195 0 P 0
L 3.38 2.205 3.39 2.205 0 P 0
L 3.39 1.785 3.4 1.775 0 P 0
L 3.39 1.805 3.4 1.815 0 P 0
L 3.39 1.885 3.4 1.875 0 P 0
L 3.39 1.905 3.4 1.915 0 P 0
L 3.39 1.985 3.4 1.975 0 P 0
L 3.39 2.005 3.4 2.015 0 P 0
L 3.39 2.085 3.4 2.075 0 P 0
L 3.39 2.105 3.4 2.115 0 P 0
L 3.39 2.185 3.4 2.175 0 P 0
L 3.39 2.205 3.4 2.215 0 P 0
L 3.4 1.775 3.41 1.785 0 P 0
L 3.4 1.815 3.41 1.805 0 P 0
L 3.4 1.875 3.41 1.885 0 P 0
L 3.4 1.915 3.41 1.905 0 P 0
L 3.4 1.975 3.41 1.985 0 P 0
L 3.4 2.015 3.41 2.005 0 P 0
L 3.4 2.075 3.41 2.085 0 P 0
L 3.4 2.115 3.41 2.105 0 P 0
L 3.4 2.175 3.41 2.185 0 P 0
L 3.4 2.215 3.41 2.205 0 P 0
L 3.41 1.28 3.41 1.32 0 P 0
L 3.41 1.785 3.42 1.785 0 P 0
L 3.41 1.795 3.42 1.785 0 P 0
L 3.41 1.795 3.42 1.805 0 P 0
L 3.41 1.805 3.42 1.805 0 P 0
L 3.41 1.885 3.42 1.885 0 P 0
L 3.41 1.895 3.42 1.885 0 P 0
L 3.41 1.895 3.42 1.905 0 P 0
L 3.41 1.905 3.42 1.905 0 P 0
L 3.41 1.985 3.42 1.985 0 P 0
L 3.41 1.995 3.42 1.985 0 P 0
L 3.41 1.995 3.42 2.005 0 P 0
L 3.41 2.005 3.42 2.005 0 P 0
L 3.41 2.085 3.42 2.085 0 P 0
L 3.41 2.095 3.42 2.085 0 P 0
L 3.41 2.095 3.42 2.105 0 P 0
L 3.41 2.105 3.42 2.105 0 P 0
L 3.41 2.185 3.42 2.185 0 P 0
L 3.41 2.195 3.42 2.185 0 P 0
L 3.41 2.195 3.42 2.205 0 P 0
L 3.41 2.205 3.42 2.205 0 P 0
L 3.44 1.5 3.44 1.54 0 P 0
L 3.44 1.5 3.48 1.5 0 P 0
L 3.44 1.54 3.48 1.54 0 P 0
L 3.465 2.965 3.465 3.005 0 P 0
L 3.465 2.965 3.505 2.965 0 P 0
L 3.465 3.005 3.505 3.005 0 P 0
L 3.48 1.5 3.48 1.54 0 P 0
L 3.48 2.445 3.48 2.485 0 P 0
L 3.48 2.445 3.52 2.445 0 P 0
L 3.48 2.485 3.52 2.485 0 P 0
L 3.48 2.5925 3.48 2.6325 0 P 0
L 3.48 2.5925 3.52 2.5925 0 P 0
L 3.48 2.6325 3.52 2.6325 0 P 0
L 3.48 2.74 3.48 2.78 0 P 0
L 3.48 2.74 3.52 2.74 0 P 0
L 3.48 2.78 3.52 2.78 0 P 0
L 3.505 0.435 3.505 0.475 0 P 0
L 3.505 0.435 3.545 0.435 0 P 0
L 3.505 0.475 3.545 0.475 0 P 0
L 3.505 2.965 3.505 3.005 0 P 0
L 3.506066 0.645 3.506066 0.685 0 P 0
L 3.506066 0.645 3.546066 0.645 0 P 0
L 3.506066 0.685 3.546066 0.685 0 P 0
L 3.506066 0.815 3.506066 0.855 0 P 0
L 3.506066 0.815 3.546066 0.815 0 P 0
L 3.506066 0.855 3.546066 0.855 0 P 0
L 3.506066 0.99 3.506066 1.03 0 P 0
L 3.506066 0.99 3.546066 0.99 0 P 0
L 3.506066 1.03 3.546066 1.03 0 P 0
L 3.506066 1.1204254 3.506066 1.1604254 0 P 0
L 3.506066 1.1204254 3.546066 1.1204254 0 P 0
L 3.506066 1.1604254 3.546066 1.1604254 0 P 0
L 3.506066 1.28 3.506066 1.32 0 P 0
L 3.506066 1.28 3.546066 1.28 0 P 0
L 3.506066 1.32 3.546066 1.32 0 P 0
L 3.52 2.445 3.52 2.485 0 P 0
L 3.52 2.5925 3.52 2.6325 0 P 0
L 3.52 2.74 3.52 2.78 0 P 0
L 3.53 0.165 3.53 0.185 0 P 0
L 3.53 0.165 3.54 0.165 0 P 0
L 3.53 0.185 3.54 0.185 0 P 0
L 3.53 3.365 3.53 3.385 0 P 0
L 3.53 3.365 3.54 3.365 0 P 0
L 3.53 3.385 3.54 3.385 0 P 0
L 3.538 0.169 3.538 0.181 0 P 0
L 3.538 0.169 3.544 0.169 0 P 0
L 3.538 0.181 3.544 0.181 0 P 0
L 3.538 3.369 3.538 3.381 0 P 0
L 3.538 3.369 3.544 3.369 0 P 0
L 3.538 3.381 3.544 3.381 0 P 0
L 3.54 0.155 3.54 0.165 0 P 0
L 3.54 0.155 3.56 0.155 0 P 0
L 3.54 0.185 3.54 0.195 0 P 0
L 3.54 0.195 3.56 0.195 0 P 0
L 3.54 3.355 3.54 3.365 0 P 0
L 3.54 3.355 3.56 3.355 0 P 0
L 3.54 3.385 3.54 3.395 0 P 0
L 3.54 3.395 3.56 3.395 0 P 0
L 3.544 0.163 3.544 0.169 0 P 0
L 3.544 0.163 3.556 0.163 0 P 0
L 3.544 0.181 3.544 0.187 0 P 0
L 3.544 0.187 3.556 0.187 0 P 0
L 3.544 3.363 3.544 3.369 0 P 0
L 3.544 3.363 3.556 3.363 0 P 0
L 3.544 3.381 3.544 3.387 0 P 0
L 3.544 3.387 3.556 3.387 0 P 0
L 3.545 0.435 3.545 0.475 0 P 0
L 3.546066 0.645 3.546066 0.685 0 P 0
L 3.546066 0.815 3.546066 0.855 0 P 0
L 3.546066 0.99 3.546066 1.03 0 P 0
L 3.546066 1.1204254 3.546066 1.1604254 0 P 0
L 3.546066 1.28 3.546066 1.32 0 P 0
L 3.556 0.163 3.556 0.169 0 P 0
L 3.556 0.169 3.562 0.169 0 P 0
L 3.556 0.181 3.556 0.187 0 P 0
L 3.556 0.181 3.562 0.181 0 P 0
L 3.556 3.363 3.556 3.369 0 P 0
L 3.556 3.369 3.562 3.369 0 P 0
L 3.556 3.381 3.556 3.387 0 P 0
L 3.556 3.381 3.562 3.381 0 P 0
L 3.56 0.155 3.56 0.165 0 P 0
L 3.56 0.165 3.57 0.165 0 P 0
L 3.56 0.185 3.56 0.195 0 P 0
L 3.56 0.185 3.57 0.185 0 P 0
L 3.56 3.355 3.56 3.365 0 P 0
L 3.56 3.365 3.57 3.365 0 P 0
L 3.56 3.385 3.56 3.395 0 P 0
L 3.56 3.385 3.57 3.385 0 P 0
L 3.562 0.169 3.562 0.181 0 P 0
L 3.562 3.369 3.562 3.381 0 P 0
L 3.57 0.165 3.57 0.185 0 P 0
L 3.57 3.365 3.57 3.385 0 P 0
