#Layer_Color=9474304
#
#Feature symbol names
#
$0 r5

#
#Feature attribute names
#

#
#Layer features
#
L 0.105 0.175 0.245 0.175 0 P 0
L 0.105 3.375 0.245 3.375 0 P 0
L 0.175 0.105 0.175 0.245 0 P 0
L 0.175 3.305 0.175 3.445 0 P 0
L 0.1785 2.225 0.2335 2.225 0 P 0
L 0.1785 2.425 0.2335 2.425 0 P 0
L 0.1785 2.625 0.2335 2.625 0 P 0
L 0.1785 2.825 0.2335 2.825 0 P 0
L 0.1785 3.025 0.2335 3.025 0 P 0
L 0.1825 0.72 0.2375 0.72 0 P 0
L 0.1825 0.92 0.2375 0.92 0 P 0
L 0.1825 1.12 0.2375 1.12 0 P 0
L 0.1825 1.47 0.2375 1.47 0 P 0
L 0.1825 1.67 0.2375 1.67 0 P 0
L 0.1825 1.87 0.2375 1.87 0 P 0
L 0.1855 0.522 0.2405 0.522 0 P 0
L 0.206 2.1975 0.206 2.2525 0 P 0
L 0.206 2.3975 0.206 2.4525 0 P 0
L 0.206 2.5975 0.206 2.6525 0 P 0
L 0.206 2.7975 0.206 2.8525 0 P 0
L 0.206 2.9975 0.206 3.0525 0 P 0
L 0.21 0.6925 0.21 0.7475 0 P 0
L 0.21 0.8925 0.21 0.9475 0 P 0
L 0.21 1.0925 0.21 1.1475 0 P 0
L 0.21 1.4425 0.21 1.4975 0 P 0
L 0.21 1.6425 0.21 1.6975 0 P 0
L 0.21 1.8425 0.21 1.8975 0 P 0
L 0.213 0.4945 0.213 0.5495 0 P 0
L 0.325 0.54375 0.355 0.54375 0 P 0
L 0.325 0.705 0.355 0.705 0 P 0
L 0.34 0.52875 0.34 0.55875 0 P 0
L 0.34 0.69 0.34 0.72 0 P 0
L 0.34 2.235 0.37 2.235 0 P 0
L 0.345 1.43 0.375 1.43 0 P 0
L 0.35 0.99875 0.38 0.99875 0 P 0
L 0.35 1.16 0.38 1.16 0 P 0
L 0.355 2.22 0.355 2.25 0 P 0
L 0.355 2.425 0.385 2.425 0 P 0
L 0.36 1.415 0.36 1.445 0 P 0
L 0.365 0.98375 0.365 1.01375 0 P 0
L 0.365 1.145 0.365 1.175 0 P 0
L 0.37 2.41 0.37 2.44 0 P 0
L 0.37 2.75875 0.4 2.75875 0 P 0
L 0.37 2.92 0.4 2.92 0 P 0
L 0.385 2.74375 0.385 2.77375 0 P 0
L 0.385 2.905 0.385 2.935 0 P 0
L 0.39 1.87875 0.42 1.87875 0 P 0
L 0.39 2.04 0.42 2.04 0 P 0
L 0.405 1.86375 0.405 1.89375 0 P 0
L 0.405 2.025 0.405 2.055 0 P 0
L 0.42 0.67 0.45 0.67 0 P 0
L 0.42 0.80625 0.45 0.80625 0 P 0
L 0.435 0.54875 0.465 0.54875 0 P 0
L 0.435 0.655 0.435 0.685 0 P 0
L 0.435 0.79125 0.435 0.82125 0 P 0
L 0.435 0.99875 0.465 0.99875 0 P 0
L 0.435 1.16 0.465 1.16 0 P 0
L 0.45 0.53375 0.45 0.56375 0 P 0
L 0.45 0.98375 0.45 1.01375 0 P 0
L 0.45 1.145 0.45 1.175 0 P 0
L 0.48 3.34 0.51 3.34 0 P 0
L 0.495 3.325 0.495 3.355 0 P 0
L 0.52 1.16 0.55 1.16 0 P 0
L 0.525 1.05 0.555 1.05 0 P 0
L 0.535 1.145 0.535 1.175 0 P 0
L 0.54 0.69 0.57 0.69 0 P 0
L 0.54 1.035 0.54 1.065 0 P 0
L 0.545 2.04 0.575 2.04 0 P 0
L 0.545 2.425 0.575 2.425 0 P 0
L 0.545 2.5575 0.575 2.5575 0 P 0
L 0.545 2.69 0.575 2.69 0 P 0
L 0.5451757 2.235 0.5751757 2.235 0 P 0
L 0.5501757 1.43 0.5801757 1.43 0 P 0
L 0.555 0.675 0.555 0.705 0 P 0
L 0.56 2.025 0.56 2.055 0 P 0
L 0.56 2.41 0.56 2.44 0 P 0
L 0.56 2.5425 0.56 2.5725 0 P 0
L 0.56 2.675 0.56 2.705 0 P 0
L 0.5601757 2.22 0.5601757 2.25 0 P 0
L 0.565 1.675 0.595 1.675 0 P 0
L 0.565 1.805 0.595 1.805 0 P 0
L 0.5651757 1.415 0.5651757 1.445 0 P 0
L 0.58 1.66 0.58 1.69 0 P 0
L 0.58 1.79 0.58 1.82 0 P 0
L 0.655 0.2 0.705 0.2 0 P 0
L 0.68 0.175 0.68 0.225 0 P 0
L 0.695 3.34 0.725 3.34 0 P 0
L 0.7 2.69 0.73 2.69 0 P 0
L 0.71 3.325 0.71 3.355 0 P 0
L 0.715 2.675 0.715 2.705 0 P 0
L 0.71875 1.80625 0.74875 1.80625 0 P 0
L 0.7297 1.57 0.7797 1.57 0 P 0
L 0.7297 2.0424 0.7797 2.0424 0 P 0
L 0.73375 1.79125 0.73375 1.82125 0 P 0
L 0.7347 2.455 0.7847 2.455 0 P 0
L 0.7347 2.9274 0.7847 2.9274 0 P 0
L 0.7503514 2.235 0.7803514 2.235 0 P 0
L 0.7547 1.545 0.7547 1.595 0 P 0
L 0.7547 2.0174 0.7547 2.0674 0 P 0
L 0.7553514 1.43 0.7853514 1.43 0 P 0
L 0.7597 2.43 0.7597 2.48 0 P 0
L 0.7597 2.9024 0.7597 2.9524 0 P 0
L 0.7653514 2.22 0.7653514 2.25 0 P 0
L 0.7703514 1.415 0.7703514 1.445 0 P 0
L 0.805 0.2 0.855 0.2 0 P 0
L 0.83 0.175 0.83 0.225 0 P 0
L 0.855 2.69 0.885 2.69 0 P 0
L 0.87 2.675 0.87 2.705 0 P 0
L 0.8725 1.80625 0.9025 1.80625 0 P 0
L 0.8875 1.79125 0.8875 1.82125 0 P 0
L 0.89 2.04 0.92 2.04 0 P 0
L 0.89 2.235 0.92 2.235 0 P 0
L 0.89 2.455 0.92 2.455 0 P 0
L 0.905 2.025 0.905 2.055 0 P 0
L 0.905 2.22 0.905 2.25 0 P 0
L 0.905 2.44 0.905 2.47 0 P 0
L 0.91 3.34 0.94 3.34 0 P 0
L 0.925 3.325 0.925 3.355 0 P 0
L 0.955 0.2 1.005 0.2 0 P 0
L 0.98 0.175 0.98 0.225 0 P 0
L 1.01 2.69 1.04 2.69 0 P 0
L 1.025 2.675 1.025 2.705 0 P 0
L 1.02625 1.80625 1.05625 1.80625 0 P 0
L 1.04125 1.79125 1.04125 1.82125 0 P 0
L 1.165 2.69 1.195 2.69 0 P 0
L 1.18 1.80625 1.21 1.80625 0 P 0
L 1.18 2.675 1.18 2.705 0 P 0
L 1.195 1.79125 1.195 1.82125 0 P 0
L 1.2 2.295 1.23 2.295 0 P 0
L 1.21 1.57 1.26 1.57 0 P 0
L 1.21 2.0424 1.26 2.0424 0 P 0
L 1.215 2.28 1.215 2.31 0 P 0
L 1.215 2.455 1.265 2.455 0 P 0
L 1.215 2.9274 1.265 2.9274 0 P 0
L 1.235 1.545 1.235 1.595 0 P 0
L 1.235 2.0174 1.235 2.0674 0 P 0
L 1.24 2.43 1.24 2.48 0 P 0
L 1.24 2.9024 1.24 2.9524 0 P 0
L 1.275 0.215 1.305 0.215 0 P 0
L 1.2899 1.8062 1.3399 1.8062 0 P 0
L 1.29 0.2 1.29 0.23 0 P 0
L 1.2949 2.6912 1.3449 2.6912 0 P 0
L 1.3149 1.7812 1.3149 1.8312 0 P 0
L 1.3199 2.6662 1.3199 2.7162 0 P 0
L 1.33 0.4221 1.39 0.4221 0 P 0
L 1.33 1.3079 1.39 1.3079 0 P 0
L 1.34 1.04 1.37 1.04 0 P 0
L 1.355 1.025 1.355 1.055 0 P 0
L 1.36 0.3921 1.36 0.4521 0 P 0
L 1.36 1.2779 1.36 1.3379 0 P 0
L 1.445 3.195 1.475 3.195 0 P 0
L 1.445 3.405 1.475 3.405 0 P 0
L 1.46 3.18 1.46 3.21 0 P 0
L 1.46 3.39 1.46 3.42 0 P 0
L 1.475 2.215 1.505 2.215 0 P 0
L 1.49 2.2 1.49 2.23 0 P 0
L 1.53 2.395 1.56 2.395 0 P 0
L 1.545 2.38 1.545 2.41 0 P 0
L 1.555 0.205 1.585 0.205 0 P 0
L 1.57 0.19 1.57 0.22 0 P 0
L 1.645 2.395 1.675 2.395 0 P 0
L 1.66 2.38 1.66 2.41 0 P 0
L 1.665 2.625 1.695 2.625 0 P 0
L 1.675 1.845 1.705 1.845 0 P 0
L 1.675 3.405 1.705 3.405 0 P 0
L 1.68 2.61 1.68 2.64 0 P 0
L 1.69 0.47 1.72 0.47 0 P 0
L 1.69 1.83 1.69 1.86 0 P 0
L 1.69 3.39 1.69 3.42 0 P 0
L 1.705 0.455 1.705 0.485 0 P 0
L 1.76 1.04 1.79 1.04 0 P 0
L 1.765 0.74 1.795 0.74 0 P 0
L 1.775 1.025 1.775 1.055 0 P 0
L 1.78 0.725 1.78 0.755 0 P 0
L 1.845 1.86 1.875 1.86 0 P 0
L 1.86 1.845 1.86 1.875 0 P 0
L 1.905 1.565 1.935 1.565 0 P 0
L 1.92 1.55 1.92 1.58 0 P 0
L 1.965 0.17 1.995 0.17 0 P 0
L 1.9729134 2.0528346 2.0129134 2.0528346 0 P 0
L 1.98 0.155 1.98 0.185 0 P 0
L 1.985 2.705 2.015 2.705 0 P 0
L 1.986029 2.5838726 2.016029 2.5838726 0 P 0
L 1.9871396 1.895858 2.0171396 1.895858 0 P 0
L 1.9929134 2.0328346 1.9929134 2.0728346 0 P 0
L 2 2.69 2 2.72 0 P 0
L 2.001029 2.5688726 2.001029 2.5988726 0 P 0
L 2.0021396 1.880858 2.0021396 1.910858 0 P 0
L 2.0050542 1.6863296 2.0350542 1.6863296 0 P 0
L 2.02 3.085 2.05 3.085 0 P 0
L 2.0200542 1.6713296 2.0200542 1.7013296 0 P 0
L 2.035 3.07 2.035 3.1 0 P 0
L 2.0725 1.565 2.1025 1.565 0 P 0
L 2.075 1.795 2.105 1.795 0 P 0
L 2.0875 1.55 2.0875 1.58 0 P 0
L 2.09 1.78 2.09 1.81 0 P 0
L 2.115 0.745 2.145 0.745 0 P 0
L 2.115 1.045 2.145 1.045 0 P 0
L 2.13 0.73 2.13 0.76 0 P 0
L 2.13 1.03 2.13 1.06 0 P 0
L 2.13 3.24 2.16 3.24 0 P 0
L 2.135 2.69 2.165 2.69 0 P 0
L 2.145 3.225 2.145 3.255 0 P 0
L 2.145 3.36 2.175 3.36 0 P 0
L 2.15 2.675 2.15 2.705 0 P 0
L 2.16 3.345 2.16 3.375 0 P 0
L 2.1617028 1.6863296 2.1917028 1.6863296 0 P 0
L 2.1767028 1.6713296 2.1767028 1.7013296 0 P 0
L 2.195 1.99 2.225 1.99 0 P 0
L 2.195 2.225 2.225 2.225 0 P 0
L 2.195 2.385 2.225 2.385 0 P 0
L 2.21 1.975 2.21 2.005 0 P 0
L 2.21 2.21 2.21 2.24 0 P 0
L 2.21 2.37 2.21 2.4 0 P 0
L 2.2121176 1.813209 2.2421176 1.813209 0 P 0
L 2.2271176 1.798209 2.2271176 1.828209 0 P 0
L 2.24 1.565 2.27 1.565 0 P 0
L 2.255 1.55 2.255 1.58 0 P 0
L 2.29 2.865 2.32 2.865 0 P 0
L 2.295 2.07 2.325 2.07 0 P 0
L 2.305 2.85 2.305 2.88 0 P 0
L 2.31 2.055 2.31 2.085 0 P 0
L 2.3183514 1.6863296 2.3483514 1.6863296 0 P 0
L 2.3333514 1.6713296 2.3333514 1.7013296 0 P 0
L 2.3567716 0.73 2.3967716 0.73 0 P 0
L 2.365 2.17 2.395 2.17 0 P 0
L 2.365 2.585 2.395 2.585 0 P 0
L 2.375 1.81 2.405 1.81 0 P 0
L 2.3767716 0.71 2.3767716 0.75 0 P 0
L 2.38 2.155 2.38 2.185 0 P 0
L 2.38 2.57 2.38 2.6 0 P 0
L 2.39 1.795 2.39 1.825 0 P 0
L 2.4075 1.565 2.4375 1.565 0 P 0
L 2.4225 1.55 2.4225 1.58 0 P 0
L 2.425 1.035 2.455 1.035 0 P 0
L 2.44 1.02 2.44 1.05 0 P 0
L 2.4650394 2.245748 2.5050394 2.245748 0 P 0
L 2.475 1.6863296 2.505 1.6863296 0 P 0
L 2.4850394 2.225748 2.4850394 2.265748 0 P 0
L 2.49 1.6713296 2.49 1.7013296 0 P 0
L 2.505 3.15 2.535 3.15 0 P 0
L 2.51 3.06 2.54 3.06 0 P 0
L 2.515 2.96 2.545 2.96 0 P 0
L 2.52 3.135 2.52 3.165 0 P 0
L 2.525 3.045 2.525 3.075 0 P 0
L 2.53 2.945 2.53 2.975 0 P 0
L 2.5347564 0.1584566 2.5647564 0.1584566 0 P 0
L 2.535 1.845 2.565 1.845 0 P 0
L 2.5497564 0.1434566 2.5497564 0.1734566 0 P 0
L 2.55 1.83 2.55 1.86 0 P 0
L 2.575 1.565 2.605 1.565 0 P 0
L 2.59 1.55 2.59 1.58 0 P 0
L 2.593 0.73 2.633 0.73 0 P 0
L 2.613 0.71 2.613 0.75 0 P 0
L 2.6146748 2.1486864 2.6446748 2.1486864 0 P 0
L 2.62 2.315 2.65 2.315 0 P 0
L 2.6296748 2.1336864 2.6296748 2.1636864 0 P 0
L 2.63 0.44 2.66 0.44 0 P 0
L 2.635 2.3 2.635 2.33 0 P 0
L 2.645 0.425 2.645 0.455 0 P 0
L 2.655 2.67 2.685 2.67 0 P 0
L 2.67 2.655 2.67 2.685 0 P 0
L 2.685 1.03 2.715 1.03 0 P 0
L 2.7 1.015 2.7 1.045 0 P 0
L 2.7782952 2.883751 2.8082952 2.883751 0 P 0
L 2.78 0.73 2.82 0.73 0 P 0
L 2.78 2.0528346 2.82 2.0528346 0 P 0
L 2.78 2.245748 2.82 2.245748 0 P 0
L 2.78 3.4 2.81 3.4 0 P 0
L 2.79 0.44 2.82 0.44 0 P 0
L 2.7932952 2.868751 2.7932952 2.898751 0 P 0
L 2.795 3.385 2.795 3.415 0 P 0
L 2.8 0.71 2.8 0.75 0 P 0
L 2.8 2.0328346 2.8 2.0728346 0 P 0
L 2.8 2.225748 2.8 2.265748 0 P 0
L 2.805 0.425 2.805 0.455 0 P 0
L 2.85 3.077 2.88 3.077 0 P 0
L 2.85 3.149 2.88 3.149 0 P 0
L 2.85 3.221 2.88 3.221 0 P 0
L 2.865 3.062 2.865 3.092 0 P 0
L 2.865 3.134 2.865 3.164 0 P 0
L 2.865 3.206 2.865 3.236 0 P 0
L 2.92 0.24 2.96 0.24 0 P 0
L 2.92 0.34 2.96 0.34 0 P 0
L 2.923 3.077 2.953 3.077 0 P 0
L 2.923 3.149 2.953 3.149 0 P 0
L 2.923 3.221 2.953 3.221 0 P 0
L 2.925 2.295 2.955 2.295 0 P 0
L 2.9314788 2.8905592 2.9614788 2.8905592 0 P 0
L 2.935 3.4 2.965 3.4 0 P 0
L 2.938 3.062 2.938 3.092 0 P 0
L 2.938 3.134 2.938 3.164 0 P 0
L 2.938 3.206 2.938 3.236 0 P 0
L 2.94 0.22 2.94 0.26 0 P 0
L 2.94 0.32 2.94 0.36 0 P 0
L 2.94 2.28 2.94 2.31 0 P 0
L 2.94 2.525412 2.97 2.525412 0 P 0
L 2.9405273 2.6555273 2.9705273 2.6555273 0 P 0
L 2.9464788 2.8755592 2.9464788 2.9055592 0 P 0
L 2.95 3.385 2.95 3.415 0 P 0
L 2.955 2.510412 2.955 2.540412 0 P 0
L 2.9555273 2.6405273 2.9555273 2.6705273 0 P 0
L 2.99 2.24 3.02 2.24 0 P 0
L 2.996 3.077 3.026 3.077 0 P 0
L 2.996 3.149 3.026 3.149 0 P 0
L 2.996 3.221 3.026 3.221 0 P 0
L 3.005 2.225 3.005 2.255 0 P 0
L 3.011 3.062 3.011 3.092 0 P 0
L 3.011 3.134 3.011 3.164 0 P 0
L 3.011 3.206 3.011 3.236 0 P 0
L 3.02 0.24 3.06 0.24 0 P 0
L 3.02 0.34 3.06 0.34 0 P 0
L 3.035 2.65 3.065 2.65 0 P 0
L 3.04 0.22 3.04 0.26 0 P 0
L 3.04 0.32 3.04 0.36 0 P 0
L 3.05 2.295 3.08 2.295 0 P 0
L 3.05 2.635 3.05 2.665 0 P 0
L 3.065 2.28 3.065 2.31 0 P 0
L 3.0744498 3.3943624 3.1044498 3.3943624 0 P 0
L 3.0894498 3.3793624 3.0894498 3.4093624 0 P 0
L 3.095 3.005 3.125 3.005 0 P 0
L 3.105 2.385 3.135 2.385 0 P 0
L 3.11 2.99 3.11 3.02 0 P 0
L 3.12 0.24 3.16 0.24 0 P 0
L 3.12 0.34 3.16 0.34 0 P 0
L 3.12 2.37 3.12 2.4 0 P 0
L 3.13 1.3 3.16 1.3 0 P 0
L 3.14 0.22 3.14 0.26 0 P 0
L 3.14 0.32 3.14 0.36 0 P 0
L 3.145 1.285 3.145 1.315 0 P 0
L 3.165 3.31 3.195 3.31 0 P 0
L 3.17 3.115 3.2 3.115 0 P 0
L 3.175 0.99 3.205 0.99 0 P 0
L 3.18 1.525 3.21 1.525 0 P 0
L 3.18 3.295 3.18 3.325 0 P 0
L 3.185 2.32 3.215 2.32 0 P 0
L 3.185 3.1 3.185 3.13 0 P 0
L 3.19 0.975 3.19 1.005 0 P 0
L 3.195 1.51 3.195 1.54 0 P 0
L 3.2 0.83 3.24 0.83 0 P 0
L 3.2 1.13 3.24 1.13 0 P 0
L 3.2 2.305 3.2 2.335 0 P 0
L 3.205408 1.3583986 3.235408 1.3583986 0 P 0
L 3.2108393 2.64 3.2408393 2.64 0 P 0
L 3.22 0.81 3.22 0.85 0 P 0
L 3.22 1.11 3.22 1.15 0 P 0
L 3.220408 1.3433986 3.220408 1.3733986 0 P 0
L 3.2258393 2.625 3.2258393 2.655 0 P 0
L 3.255 1.295 3.285 1.295 0 P 0
L 3.27 1.28 3.27 1.31 0 P 0
L 3.28 1.795 3.32 1.795 0 P 0
L 3.28 1.895 3.32 1.895 0 P 0
L 3.28 1.995 3.32 1.995 0 P 0
L 3.28 2.095 3.32 2.095 0 P 0
L 3.28 2.195 3.32 2.195 0 P 0
L 3.3 0.83 3.34 0.83 0 P 0
L 3.3 1.13 3.34 1.13 0 P 0
L 3.3 1.775 3.3 1.815 0 P 0
L 3.3 1.875 3.3 1.915 0 P 0
L 3.3 1.975 3.3 2.015 0 P 0
L 3.3 2.075 3.3 2.115 0 P 0
L 3.3 2.175 3.3 2.215 0 P 0
L 3.32 0.81 3.32 0.85 0 P 0
L 3.32 1.11 3.32 1.15 0 P 0
L 3.345 0.99 3.375 0.99 0 P 0
L 3.36 0.975 3.36 1.005 0 P 0
L 3.375 1.3 3.405 1.3 0 P 0
L 3.38 1.795 3.42 1.795 0 P 0
L 3.38 1.895 3.42 1.895 0 P 0
L 3.38 1.995 3.42 1.995 0 P 0
L 3.38 2.095 3.42 2.095 0 P 0
L 3.38 2.195 3.42 2.195 0 P 0
L 3.39 1.285 3.39 1.315 0 P 0
L 3.4 1.775 3.4 1.815 0 P 0
L 3.4 1.875 3.4 1.915 0 P 0
L 3.4 1.975 3.4 2.015 0 P 0
L 3.4 2.075 3.4 2.115 0 P 0
L 3.4 2.175 3.4 2.215 0 P 0
L 3.445 1.52 3.475 1.52 0 P 0
L 3.46 1.505 3.46 1.535 0 P 0
L 3.47 2.985 3.5 2.985 0 P 0
L 3.48 0.175 3.62 0.175 0 P 0
L 3.48 3.375 3.62 3.375 0 P 0
L 3.485 2.465 3.515 2.465 0 P 0
L 3.485 2.6125 3.515 2.6125 0 P 0
L 3.485 2.76 3.515 2.76 0 P 0
L 3.485 2.97 3.485 3 0 P 0
L 3.5 2.45 3.5 2.48 0 P 0
L 3.5 2.5975 3.5 2.6275 0 P 0
L 3.5 2.745 3.5 2.775 0 P 0
L 3.51 0.455 3.54 0.455 0 P 0
L 3.511066 0.665 3.541066 0.665 0 P 0
L 3.511066 0.835 3.541066 0.835 0 P 0
L 3.511066 1.01 3.541066 1.01 0 P 0
L 3.511066 1.1404254 3.541066 1.1404254 0 P 0
L 3.511066 1.3 3.541066 1.3 0 P 0
L 3.525 0.44 3.525 0.47 0 P 0
L 3.526066 0.65 3.526066 0.68 0 P 0
L 3.526066 0.82 3.526066 0.85 0 P 0
L 3.526066 0.995 3.526066 1.025 0 P 0
L 3.526066 1.1254254 3.526066 1.1554254 0 P 0
L 3.526066 1.285 3.526066 1.315 0 P 0
L 3.55 0.105 3.55 0.245 0 P 0
L 3.55 3.305 3.55 3.445 0 P 0
