#Layer_Color=9474304
#
#Feature symbol names
#
$0 r5
$1 r6.6666
$2 r4

#
#Feature attribute names
#

#
#Layer features
#
A 0.218 2.225 0.218 2.225 0.206 2.225 2 P 0 N
A 0.218 2.425 0.218 2.425 0.206 2.425 2 P 0 N
A 0.218 2.625 0.218 2.625 0.206 2.625 2 P 0 N
A 0.218 2.825 0.218 2.825 0.206 2.825 2 P 0 N
A 0.218 3.025 0.218 3.025 0.206 3.025 2 P 0 N
A 0.222 0.72 0.222 0.72 0.21 0.72 2 P 0 N
A 0.222 0.92 0.222 0.92 0.21 0.92 2 P 0 N
A 0.222 1.12 0.222 1.12 0.21 1.12 2 P 0 N
A 0.222 1.47 0.222 1.47 0.21 1.47 2 P 0 N
A 0.222 1.67 0.222 1.67 0.21 1.67 2 P 0 N
A 0.222 1.87 0.222 1.87 0.21 1.87 2 P 0 N
A 0.225 0.522 0.225 0.522 0.213 0.522 2 P 0 N
A 0.226 2.225 0.226 2.225 0.206 2.225 1 P 0 N
A 0.226 2.425 0.226 2.425 0.206 2.425 1 P 0 N
A 0.226 2.625 0.226 2.625 0.206 2.625 1 P 0 N
A 0.226 2.825 0.226 2.825 0.206 2.825 1 P 0 N
A 0.226 3.025 0.226 3.025 0.206 3.025 1 P 0 N
A 0.23 0.72 0.23 0.72 0.21 0.72 1 P 0 N
A 0.23 0.92 0.23 0.92 0.21 0.92 1 P 0 N
A 0.23 1.12 0.23 1.12 0.21 1.12 1 P 0 N
A 0.23 1.47 0.23 1.47 0.21 1.47 1 P 0 N
A 0.23 1.67 0.23 1.67 0.21 1.67 1 P 0 N
A 0.23 1.87 0.23 1.87 0.21 1.87 1 P 0 N
A 0.233 0.522 0.233 0.522 0.213 0.522 1 P 0 N
A 2.925 1.015 2.925 1.015 2.905 1.015 1 P 0 N
L 0.155 0.165 0.155 0.185 0 P 0
L 0.155 0.165 0.165 0.165 0 P 0
L 0.155 0.185 0.165 0.185 0 P 0
L 0.155 3.365 0.155 3.385 0 P 0
L 0.155 3.365 0.165 3.365 0 P 0
L 0.155 3.385 0.165 3.385 0 P 0
L 0.163 0.169 0.163 0.181 0 P 0
L 0.163 0.169 0.169 0.169 0 P 0
L 0.163 0.181 0.169 0.181 0 P 0
L 0.163 3.369 0.163 3.381 0 P 0
L 0.163 3.369 0.169 3.369 0 P 0
L 0.163 3.381 0.169 3.381 0 P 0
L 0.165 0.155 0.165 0.165 0 P 0
L 0.165 0.155 0.185 0.155 0 P 0
L 0.165 0.185 0.165 0.195 0 P 0
L 0.165 0.195 0.185 0.195 0 P 0
L 0.165 3.355 0.165 3.365 0 P 0
L 0.165 3.355 0.185 3.355 0 P 0
L 0.165 3.385 0.165 3.395 0 P 0
L 0.165 3.395 0.185 3.395 0 P 0
L 0.169 0.163 0.169 0.169 0 P 0
L 0.169 0.163 0.181 0.163 0 P 0
L 0.169 0.181 0.169 0.187 0 P 0
L 0.169 0.187 0.181 0.187 0 P 0
L 0.169 3.363 0.169 3.369 0 P 0
L 0.169 3.363 0.181 3.363 0 P 0
L 0.169 3.381 0.169 3.387 0 P 0
L 0.169 3.387 0.181 3.387 0 P 0
L 0.181 0.163 0.181 0.169 0 P 0
L 0.181 0.169 0.187 0.169 0 P 0
L 0.181 0.181 0.181 0.187 0 P 0
L 0.181 0.181 0.187 0.181 0 P 0
L 0.181 3.363 0.181 3.369 0 P 0
L 0.181 3.369 0.187 3.369 0 P 0
L 0.181 3.381 0.181 3.387 0 P 0
L 0.181 3.381 0.187 3.381 0 P 0
L 0.185 0.155 0.185 0.165 0 P 0
L 0.185 0.165 0.195 0.165 0 P 0
L 0.185 0.185 0.185 0.195 0 P 0
L 0.185 0.185 0.195 0.185 0 P 0
L 0.185 3.355 0.185 3.365 0 P 0
L 0.185 3.365 0.195 3.365 0 P 0
L 0.185 3.385 0.185 3.395 0 P 0
L 0.185 3.385 0.195 3.385 0 P 0
L 0.187 0.169 0.187 0.181 0 P 0
L 0.187 3.369 0.187 3.381 0 P 0
L 0.195 0.165 0.195 0.185 0 P 0
L 0.195 3.365 0.195 3.385 0 P 0
L 0.505 3.2983306 0.5133306 3.29 0 P 0
L 0.505 3.3316532 0.505 3.2983306 0 P 0
L 0.5133306 3.29 0.5299919 3.29 0 P 0
L 0.5133306 3.3399838 0.505 3.3316532 0 P 0
L 0.5299919 3.29 0.5383226 3.2983306 0 P 0
L 0.5299919 3.3399838 0.5133306 3.3399838 0 P 0
L 0.5383226 3.3316532 0.5299919 3.3399838 0 P 0
L 0.675 0.875 0.6999919 0.875 0 P 0
L 0.675 0.9249838 0.675 0.875 0 P 0
L 0.68 0.2249919 0.68 0.2 0 P 0
L 0.68 0.2249919 0.6966613 0.2249919 0 P 0
L 0.68 0.2499838 0.68 0.2249919 0 P 0
L 0.6966613 0.2249919 0.68 0.2249919 0 P 0
L 0.6999919 0.875 0.7083226 0.8833306 0 P 0
L 0.6999919 0.9249838 0.675 0.9249838 0 P 0
L 0.7083226 0.8833306 0.7083226 0.9166532 0 P 0
L 0.7083226 0.9166532 0.6999919 0.9249838 0 P 0
L 0.7133226 0.2499838 0.68 0.2499838 0 P 0
L 0.72 3.2983306 0.7283306 3.29 0 P 0
L 0.72 3.3316532 0.72 3.2983306 0 P 0
L 0.7283306 3.29 0.7449919 3.29 0 P 0
L 0.7283306 3.3399838 0.72 3.3316532 0 P 0
L 0.7449919 3.29 0.7533226 3.2983306 0 P 0
L 0.7449919 3.3399838 0.7283306 3.3399838 0 P 0
L 0.7533226 3.3316532 0.7449919 3.3399838 0 P 0
L 0.7547 1.5949919 0.7547 1.57 0 P 0
L 0.7547 1.5949919 0.7713613 1.5949919 0 P 0
L 0.7547 1.6199838 0.7547 1.5949919 0 P 0
L 0.7547 2.0673919 0.7547 2.0424 0 P 0
L 0.7547 2.0673919 0.7713613 2.0673919 0 P 0
L 0.7547 2.0923838 0.7547 2.0673919 0 P 0
L 0.7597 2.4799919 0.7597 2.455 0 P 0
L 0.7597 2.4799919 0.7763613 2.4799919 0 P 0
L 0.7597 2.5049838 0.7597 2.4799919 0 P 0
L 0.7597 2.9523919 0.7597 2.9274 0 P 0
L 0.7597 2.9523919 0.7763613 2.9523919 0 P 0
L 0.7597 2.9773838 0.7597 2.9523919 0 P 0
L 0.7713613 1.5949919 0.7547 1.5949919 0 P 0
L 0.7713613 2.0673919 0.7547 2.0673919 0 P 0
L 0.7763613 2.4799919 0.7597 2.4799919 0 P 0
L 0.7763613 2.9523919 0.7597 2.9523919 0 P 0
L 0.7880226 1.6199838 0.7547 1.6199838 0 P 0
L 0.7880226 2.0923838 0.7547 2.0923838 0 P 0
L 0.7930226 2.5049838 0.7597 2.5049838 0 P 0
L 0.7930226 2.9773838 0.7597 2.9773838 0 P 0
L 0.83 0.2249919 0.83 0.2 0 P 0
L 0.83 0.2249919 0.8466613 0.2249919 0 P 0
L 0.83 0.2499838 0.83 0.2249919 0 P 0
L 0.8466613 0.2249919 0.83 0.2249919 0 P 0
L 0.8633226 0.2499838 0.83 0.2499838 0 P 0
L 0.935 2.91 0.945 2.93 0 P 0
L 0.935 2.91 0.955 2.92 0 P 0
L 0.935 2.95 0.945 2.93 0 P 0
L 0.935 2.95 0.955 2.94 0 P 0
L 0.935 3.2933306 0.9433306 3.285 0 P 0
L 0.935 3.3266532 0.935 3.2933306 0 P 0
L 0.943 2.918 0.949 2.93 0 P 0
L 0.943 2.918 0.955 2.924 0 P 0
L 0.943 2.942 0.949 2.93 0 P 0
L 0.943 2.942 0.955 2.936 0 P 0
L 0.9433306 3.285 0.9599919 3.285 0 P 0
L 0.9433306 3.3349838 0.935 3.3266532 0 P 0
L 0.955 2.92 0.975 2.91 0 P 0
L 0.955 2.924 0.967 2.918 0 P 0
L 0.955 2.936 0.967 2.942 0 P 0
L 0.955 2.94 0.975 2.95 0 P 0
L 0.9599919 3.285 0.9683226 3.2933306 0 P 0
L 0.9599919 3.3349838 0.9433306 3.3349838 0 P 0
L 0.961 2.93 0.967 2.918 0 P 0
L 0.961 2.93 0.967 2.942 0 P 0
L 0.965 2.93 0.975 2.91 0 P 0
L 0.965 2.93 0.975 2.95 0 P 0
L 0.9683226 3.3266532 0.9599919 3.3349838 0 P 0
L 0.98 0.2249919 0.98 0.2 0 P 0
L 0.98 0.2249919 0.9966613 0.2249919 0 P 0
L 0.98 0.2499838 0.98 0.2249919 0 P 0
L 0.9966613 0.2249919 0.98 0.2249919 0 P 0
L 1.0133226 0.2499838 0.98 0.2499838 0 P 0
L 1.025 2.24 1.045 2.22 0 P 0
L 1.025 2.24 1.045 2.26 0 P 0
L 1.045 2.22 1.065 2.24 0 P 0
L 1.045 2.26 1.065 2.24 0 P 0
L 1.055 0.99 1.055 1 0 P 0
L 1.055 0.99 1.065 0.99 0 P 0
L 1.055 1 1.065 1.01 0 P 0
L 1.055 1.02 1.055 1.03 0 P 0
L 1.055 1.02 1.065 1.01 0 P 0
L 1.055 1.03 1.065 1.03 0 P 0
L 1.065 0.99 1.075 1 0 P 0
L 1.065 1.03 1.075 1.02 0 P 0
L 1.075 1 1.085 0.99 0 P 0
L 1.075 1.02 1.085 1.03 0 P 0
L 1.085 0.99 1.095 0.99 0 P 0
L 1.085 1.01 1.095 1 0 P 0
L 1.085 1.01 1.095 1.02 0 P 0
L 1.085 1.03 1.095 1.03 0 P 0
L 1.095 0.99 1.095 1 0 P 0
L 1.095 1.02 1.095 1.03 0 P 0
L 1.215 2.2933306 1.2233306 2.285 0 P 0
L 1.215 2.3266532 1.215 2.2933306 0 P 0
L 1.2233306 2.285 1.2399919 2.285 0 P 0
L 1.2233306 2.3349838 1.215 2.3266532 0 P 0
L 1.225 1.705 1.2499919 1.705 0 P 0
L 1.225 1.7299919 1.2499919 1.7299919 0 P 0
L 1.225 1.7549838 1.225 1.705 0 P 0
L 1.225 1.935 1.2499919 1.935 0 P 0
L 1.225 1.9599919 1.2499919 1.9599919 0 P 0
L 1.225 1.9849838 1.225 1.935 0 P 0
L 1.225 2.55 1.2499919 2.55 0 P 0
L 1.225 2.5749919 1.2499919 2.5749919 0 P 0
L 1.225 2.5999838 1.225 2.55 0 P 0
L 1.225 2.825 1.2499919 2.825 0 P 0
L 1.225 2.8499919 1.2499919 2.8499919 0 P 0
L 1.225 2.8749838 1.225 2.825 0 P 0
L 1.235 1.5949919 1.235 1.57 0 P 0
L 1.235 1.5949919 1.2516613 1.5949919 0 P 0
L 1.235 1.6199838 1.235 1.5949919 0 P 0
L 1.235 2.0673919 1.235 2.0424 0 P 0
L 1.235 2.0673919 1.2516613 2.0673919 0 P 0
L 1.235 2.0923838 1.235 2.0673919 0 P 0
L 1.2399919 2.285 1.2483226 2.2933306 0 P 0
L 1.2399919 2.3349838 1.2233306 2.3349838 0 P 0
L 1.24 2.4799919 1.24 2.455 0 P 0
L 1.24 2.4799919 1.2566613 2.4799919 0 P 0
L 1.24 2.5049838 1.24 2.4799919 0 P 0
L 1.24 2.9523919 1.24 2.9274 0 P 0
L 1.24 2.9523919 1.2566613 2.9523919 0 P 0
L 1.24 2.9773838 1.24 2.9523919 0 P 0
L 1.2483226 2.3266532 1.2399919 2.3349838 0 P 0
L 1.2499919 1.705 1.2583226 1.7133306 0 P 0
L 1.2499919 1.7299919 1.225 1.7299919 0 P 0
L 1.2499919 1.7299919 1.2583226 1.7383226 0 P 0
L 1.2499919 1.7549838 1.225 1.7549838 0 P 0
L 1.2499919 1.935 1.2583226 1.9433306 0 P 0
L 1.2499919 1.9599919 1.225 1.9599919 0 P 0
L 1.2499919 1.9599919 1.2583226 1.9683226 0 P 0
L 1.2499919 1.9849838 1.225 1.9849838 0 P 0
L 1.2499919 2.55 1.2583226 2.5583306 0 P 0
L 1.2499919 2.5749919 1.225 2.5749919 0 P 0
L 1.2499919 2.5749919 1.2583226 2.5833226 0 P 0
L 1.2499919 2.5999838 1.225 2.5999838 0 P 0
L 1.2499919 2.825 1.2583226 2.8333306 0 P 0
L 1.2499919 2.8499919 1.225 2.8499919 0 P 0
L 1.2499919 2.8499919 1.2583226 2.8583226 0 P 0
L 1.2499919 2.8749838 1.225 2.8749838 0 P 0
L 1.2516613 1.5949919 1.235 1.5949919 0 P 0
L 1.2516613 2.0673919 1.235 2.0673919 0 P 0
L 1.2566613 2.4799919 1.24 2.4799919 0 P 0
L 1.2566613 2.9523919 1.24 2.9523919 0 P 0
L 1.2583226 1.7133306 1.2583226 1.7216613 0 P 0
L 1.2583226 1.7216613 1.2499919 1.7299919 0 P 0
L 1.2583226 1.7383226 1.2583226 1.7466532 0 P 0
L 1.2583226 1.7466532 1.2499919 1.7549838 0 P 0
L 1.2583226 1.9433306 1.2583226 1.9516613 0 P 0
L 1.2583226 1.9516613 1.2499919 1.9599919 0 P 0
L 1.2583226 1.9683226 1.2583226 1.9766532 0 P 0
L 1.2583226 1.9766532 1.2499919 1.9849838 0 P 0
L 1.2583226 2.5583306 1.2583226 2.5666613 0 P 0
L 1.2583226 2.5666613 1.2499919 2.5749919 0 P 0
L 1.2583226 2.5833226 1.2583226 2.5916532 0 P 0
L 1.2583226 2.5916532 1.2499919 2.5999838 0 P 0
L 1.2583226 2.8333306 1.2583226 2.8416613 0 P 0
L 1.2583226 2.8416613 1.2499919 2.8499919 0 P 0
L 1.2583226 2.8583226 1.2583226 2.8666532 0 P 0
L 1.2583226 2.8666532 1.2499919 2.8749838 0 P 0
L 1.2683226 1.6199838 1.235 1.6199838 0 P 0
L 1.2683226 2.0923838 1.235 2.0923838 0 P 0
L 1.2733226 2.5049838 1.24 2.5049838 0 P 0
L 1.2733226 2.9773838 1.24 2.9773838 0 P 0
L 1.29 0.2233306 1.2983306 0.215 0 P 0
L 1.29 0.2566532 1.29 0.2233306 0 P 0
L 1.2983306 0.215 1.3149919 0.215 0 P 0
L 1.2983306 0.2649838 1.29 0.2566532 0 P 0
L 1.3149 1.8311919 1.3149 1.8062 0 P 0
L 1.3149 1.8311919 1.3315613 1.8311919 0 P 0
L 1.3149 1.8561838 1.3149 1.8311919 0 P 0
L 1.3149919 0.215 1.3233226 0.2233306 0 P 0
L 1.3149919 0.2649838 1.2983306 0.2649838 0 P 0
L 1.3199 2.7161919 1.3199 2.6912 0 P 0
L 1.3199 2.7161919 1.3365613 2.7161919 0 P 0
L 1.3199 2.7411838 1.3199 2.7161919 0 P 0
L 1.3233226 0.2566532 1.3149919 0.2649838 0 P 0
L 1.3315613 1.8311919 1.3149 1.8311919 0 P 0
L 1.3365613 2.7161919 1.3199 2.7161919 0 P 0
L 1.34 0.4021 1.34 0.4421 0 P 0
L 1.34 0.4021 1.38 0.4021 0 P 0
L 1.34 0.4421 1.38 0.4421 0 P 0
L 1.34 1.2879 1.34 1.3279 0 P 0
L 1.34 1.2879 1.38 1.2879 0 P 0
L 1.34 1.3279 1.38 1.3279 0 P 0
L 1.348 0.4101 1.348 0.4341 0 P 0
L 1.348 0.4101 1.372 0.4101 0 P 0
L 1.348 0.4341 1.372 0.4341 0 P 0
L 1.348 1.2959 1.348 1.3199 0 P 0
L 1.348 1.2959 1.372 1.2959 0 P 0
L 1.348 1.3199 1.372 1.3199 0 P 0
L 1.3482226 1.8561838 1.3149 1.8561838 0 P 0
L 1.3532226 2.7411838 1.3199 2.7411838 0 P 0
L 1.355 1.0483306 1.3633306 1.04 0 P 0
L 1.355 1.0816532 1.355 1.0483306 0 P 0
L 1.3633306 1.04 1.3799919 1.04 0 P 0
L 1.3633306 1.0899838 1.355 1.0816532 0 P 0
L 1.372 0.4101 1.372 0.4341 0 P 0
L 1.372 1.2959 1.372 1.3199 0 P 0
L 1.3799919 1.04 1.3883226 1.0483306 0 P 0
L 1.3799919 1.0899838 1.3633306 1.0899838 0 P 0
L 1.38 0.4021 1.38 0.4421 0 P 0
L 1.38 1.2879 1.38 1.3279 0 P 0
L 1.3883226 1.0816532 1.3799919 1.0899838 0 P 0
L 1.455 1.81 1.465 1.83 0 P 0
L 1.455 1.81 1.475 1.82 0 P 0
L 1.455 1.85 1.465 1.83 0 P 0
L 1.455 1.85 1.475 1.84 0 P 0
L 1.455 2.675 1.465 2.695 0 P 0
L 1.455 2.675 1.475 2.685 0 P 0
L 1.455 2.715 1.465 2.695 0 P 0
L 1.455 2.715 1.475 2.705 0 P 0
L 1.46 3.2033306 1.4683306 3.195 0 P 0
L 1.46 3.2366532 1.46 3.2033306 0 P 0
L 1.46 3.4133306 1.4683306 3.405 0 P 0
L 1.46 3.4466532 1.46 3.4133306 0 P 0
L 1.463 1.818 1.469 1.83 0 P 0
L 1.463 1.818 1.475 1.824 0 P 0
L 1.463 1.842 1.469 1.83 0 P 0
L 1.463 1.842 1.475 1.836 0 P 0
L 1.463 2.683 1.469 2.695 0 P 0
L 1.463 2.683 1.475 2.689 0 P 0
L 1.463 2.707 1.469 2.695 0 P 0
L 1.463 2.707 1.475 2.701 0 P 0
L 1.4683306 3.195 1.4849919 3.195 0 P 0
L 1.4683306 3.2449838 1.46 3.2366532 0 P 0
L 1.4683306 3.405 1.4849919 3.405 0 P 0
L 1.4683306 3.4549838 1.46 3.4466532 0 P 0
L 1.475 1.82 1.495 1.81 0 P 0
L 1.475 1.824 1.487 1.818 0 P 0
L 1.475 1.836 1.487 1.842 0 P 0
L 1.475 1.84 1.495 1.85 0 P 0
L 1.475 2.685 1.495 2.675 0 P 0
L 1.475 2.689 1.487 2.683 0 P 0
L 1.475 2.701 1.487 2.707 0 P 0
L 1.475 2.705 1.495 2.715 0 P 0
L 1.481 1.83 1.487 1.818 0 P 0
L 1.481 1.83 1.487 1.842 0 P 0
L 1.481 2.695 1.487 2.683 0 P 0
L 1.481 2.695 1.487 2.707 0 P 0
L 1.4849919 3.195 1.4933226 3.2033306 0 P 0
L 1.4849919 3.2449838 1.4683306 3.2449838 0 P 0
L 1.4849919 3.405 1.4933226 3.4133306 0 P 0
L 1.4849919 3.4549838 1.4683306 3.4549838 0 P 0
L 1.485 1.83 1.495 1.81 0 P 0
L 1.485 1.83 1.495 1.85 0 P 0
L 1.485 2.695 1.495 2.675 0 P 0
L 1.485 2.695 1.495 2.715 0 P 0
L 1.49 2.2233306 1.4983306 2.215 0 P 0
L 1.49 2.2566532 1.49 2.2233306 0 P 0
L 1.4933226 3.2366532 1.4849919 3.2449838 0 P 0
L 1.4933226 3.4466532 1.4849919 3.4549838 0 P 0
L 1.4983306 2.215 1.5149919 2.215 0 P 0
L 1.4983306 2.2649838 1.49 2.2566532 0 P 0
L 1.5149919 2.215 1.5233226 2.2233306 0 P 0
L 1.5149919 2.2649838 1.4983306 2.2649838 0 P 0
L 1.5233226 2.2566532 1.5149919 2.2649838 0 P 0
L 1.545 2.4033306 1.5533306 2.395 0 P 0
L 1.545 2.4366532 1.545 2.4033306 0 P 0
L 1.5533306 2.395 1.5699919 2.395 0 P 0
L 1.5533306 2.4449838 1.545 2.4366532 0 P 0
L 1.5699919 2.395 1.5783226 2.4033306 0 P 0
L 1.5699919 2.4449838 1.5533306 2.4449838 0 P 0
L 1.57 0.2133306 1.5783306 0.205 0 P 0
L 1.57 0.2466532 1.57 0.2133306 0 P 0
L 1.5783226 2.4366532 1.5699919 2.4449838 0 P 0
L 1.5783306 0.205 1.5949919 0.205 0 P 0
L 1.5783306 0.2549838 1.57 0.2466532 0 P 0
L 1.5949919 0.205 1.6033226 0.2133306 0 P 0
L 1.5949919 0.2549838 1.5783306 0.2549838 0 P 0
L 1.6033226 0.2466532 1.5949919 0.2549838 0 P 0
L 1.64 1.8533306 1.6483306 1.845 0 P 0
L 1.64 1.8866532 1.64 1.8533306 0 P 0
L 1.6483306 1.845 1.6649919 1.845 0 P 0
L 1.6483306 1.8949838 1.64 1.8866532 0 P 0
L 1.66 2.4033306 1.6683306 2.395 0 P 0
L 1.66 2.4366532 1.66 2.4033306 0 P 0
L 1.6649919 1.845 1.6733226 1.8533306 0 P 0
L 1.6649919 1.8949838 1.6483306 1.8949838 0 P 0
L 1.6683306 2.395 1.6849919 2.395 0 P 0
L 1.6683306 2.4449838 1.66 2.4366532 0 P 0
L 1.6733226 1.8866532 1.6649919 1.8949838 0 P 0
L 1.68 2.6333306 1.6883306 2.625 0 P 0
L 1.68 2.6666532 1.68 2.6333306 0 P 0
L 1.6849919 2.395 1.6933226 2.4033306 0 P 0
L 1.6849919 2.4449838 1.6683306 2.4449838 0 P 0
L 1.6883306 2.625 1.7049919 2.625 0 P 0
L 1.6883306 2.6749838 1.68 2.6666532 0 P 0
L 1.69 3.4133306 1.6983306 3.405 0 P 0
L 1.69 3.4466532 1.69 3.4133306 0 P 0
L 1.6933226 2.4366532 1.6849919 2.4449838 0 P 0
L 1.6983306 3.405 1.7149919 3.405 0 P 0
L 1.6983306 3.4549838 1.69 3.4466532 0 P 0
L 1.7049919 2.625 1.7133226 2.6333306 0 P 0
L 1.7049919 2.6749838 1.6883306 2.6749838 0 P 0
L 1.705 0.4783306 1.7133306 0.47 0 P 0
L 1.705 0.5116532 1.705 0.4783306 0 P 0
L 1.7133226 2.6666532 1.7049919 2.6749838 0 P 0
L 1.7133306 0.47 1.7299919 0.47 0 P 0
L 1.7133306 0.5199838 1.705 0.5116532 0 P 0
L 1.7149919 3.405 1.7233226 3.4133306 0 P 0
L 1.7149919 3.4549838 1.6983306 3.4549838 0 P 0
L 1.7233226 3.4466532 1.7149919 3.4549838 0 P 0
L 1.7299919 0.47 1.7383226 0.4783306 0 P 0
L 1.7299919 0.5199838 1.7133306 0.5199838 0 P 0
L 1.7383226 0.5116532 1.7299919 0.5199838 0 P 0
L 1.745 1.8533306 1.7533306 1.845 0 P 0
L 1.745 1.8866532 1.745 1.8533306 0 P 0
L 1.7533306 1.845 1.7699919 1.845 0 P 0
L 1.7533306 1.8949838 1.745 1.8866532 0 P 0
L 1.7699919 1.845 1.7783226 1.8533306 0 P 0
L 1.7699919 1.8949838 1.7533306 1.8949838 0 P 0
L 1.775 1.0483306 1.7833306 1.04 0 P 0
L 1.775 1.0816532 1.775 1.0483306 0 P 0
L 1.7783226 1.8866532 1.7699919 1.8949838 0 P 0
L 1.78 0.7483306 1.7883306 0.74 0 P 0
L 1.78 0.7816532 1.78 0.7483306 0 P 0
L 1.7833306 1.04 1.7999919 1.04 0 P 0
L 1.7833306 1.0899838 1.775 1.0816532 0 P 0
L 1.7883306 0.74 1.8049919 0.74 0 P 0
L 1.7883306 0.7899838 1.78 0.7816532 0 P 0
L 1.7999919 1.04 1.8083226 1.0483306 0 P 0
L 1.7999919 1.0899838 1.7833306 1.0899838 0 P 0
L 1.8049919 0.74 1.8133226 0.7483306 0 P 0
L 1.8049919 0.7899838 1.7883306 0.7899838 0 P 0
L 1.8083226 1.0816532 1.7999919 1.0899838 0 P 0
L 1.8133226 0.7816532 1.8049919 0.7899838 0 P 0
L 1.825 0.31 1.845 0.29 0 P 0
L 1.825 0.31 1.845 0.33 0 P 0
L 1.845 0.29 1.865 0.31 0 P 0
L 1.845 0.33 1.865 0.31 0 P 0
L 1.855 1.8533306 1.8633306 1.845 0 P 0
L 1.855 1.8866532 1.855 1.8533306 0 P 0
L 1.8633306 1.845 1.8799919 1.845 0 P 0
L 1.8633306 1.8949838 1.855 1.8866532 0 P 0
L 1.8799919 1.845 1.8883226 1.8533306 0 P 0
L 1.8799919 1.8949838 1.8633306 1.8949838 0 P 0
L 1.8883226 1.8866532 1.8799919 1.8949838 0 P 0
L 1.92 1.5733306 1.9283306 1.565 0 P 0
L 1.92 1.6066532 1.92 1.5733306 0 P 0
L 1.9283306 1.565 1.9449919 1.565 0 P 0
L 1.9283306 1.6149838 1.92 1.6066532 0 P 0
L 1.9449919 1.565 1.9533226 1.5733306 0 P 0
L 1.9449919 1.6149838 1.9283306 1.6149838 0 P 0
L 1.9533226 1.6066532 1.9449919 1.6149838 0 P 0
L 1.9729134 2.0428346 1.9829134 2.0428346 0 P 0
L 1.9729134 2.0428346 1.9829134 2.0528346 0 P 0
L 1.9729134 2.0628346 1.9829134 2.0528346 0 P 0
L 1.9729134 2.0628346 1.9829134 2.0628346 0 P 0
L 1.98 0.1783306 1.9883306 0.17 0 P 0
L 1.98 0.2116532 1.98 0.1783306 0 P 0
L 1.9829134 2.0428346 1.9929134 2.0328346 0 P 0
L 1.9829134 2.0628346 1.9929134 2.0728346 0 P 0
L 1.9883306 0.17 2.0049919 0.17 0 P 0
L 1.9883306 0.2199838 1.98 0.2116532 0 P 0
L 1.9929134 2.0328346 2.0029134 2.0428346 0 P 0
L 1.9929134 2.0728346 2.0029134 2.0628346 0 P 0
L 1.995 1.43 1.995 1.4633226 0 P 0
L 1.995 1.4633226 2.0116613 1.4799838 0 P 0
L 2 2.7133306 2.0083306 2.705 0 P 0
L 2 2.7466532 2 2.7133306 0 P 0
L 2.001029 2.5922032 2.0093596 2.5838726 0 P 0
L 2.001029 2.6255258 2.001029 2.5922032 0 P 0
L 2.0021396 1.9041886 2.0104702 1.895858 0 P 0
L 2.0021396 1.9375112 2.0021396 1.9041886 0 P 0
L 2.0029134 2.0428346 2.0129134 2.0428346 0 P 0
L 2.0029134 2.0528346 2.0129134 2.0428346 0 P 0
L 2.0029134 2.0528346 2.0129134 2.0628346 0 P 0
L 2.0029134 2.0628346 2.0129134 2.0628346 0 P 0
L 2.0049919 0.17 2.0133226 0.1783306 0 P 0
L 2.0049919 0.2199838 1.9883306 0.2199838 0 P 0
L 2.0083306 2.705 2.0249919 2.705 0 P 0
L 2.0083306 2.7549838 2 2.7466532 0 P 0
L 2.0093596 2.5838726 2.0260209 2.5838726 0 P 0
L 2.0093596 2.6338564 2.001029 2.6255258 0 P 0
L 2.0104702 1.895858 2.0271315 1.895858 0 P 0
L 2.0104702 1.9458418 2.0021396 1.9375112 0 P 0
L 2.0116613 1.4799838 2.0283226 1.4633226 0 P 0
L 2.0133226 0.2116532 2.0049919 0.2199838 0 P 0
L 2.0200542 1.6946602 2.0283848 1.6863296 0 P 0
L 2.0200542 1.7279828 2.0200542 1.6946602 0 P 0
L 2.0249919 2.705 2.0333226 2.7133306 0 P 0
L 2.0249919 2.7549838 2.0083306 2.7549838 0 P 0
L 2.0260209 2.5838726 2.0343516 2.5922032 0 P 0
L 2.0260209 2.6338564 2.0093596 2.6338564 0 P 0
L 2.0271315 1.895858 2.0354622 1.9041886 0 P 0
L 2.0271315 1.9458418 2.0104702 1.9458418 0 P 0
L 2.0283226 1.43 2.0283226 1.4549919 0 P 0
L 2.0283226 1.4549919 1.995 1.4549919 0 P 0
L 2.0283226 1.4633226 2.0283226 1.43 0 P 0
L 2.0283848 1.6863296 2.0450461 1.6863296 0 P 0
L 2.0283848 1.7363134 2.0200542 1.7279828 0 P 0
L 2.0333226 2.7466532 2.0249919 2.7549838 0 P 0
L 2.0343516 2.6255258 2.0260209 2.6338564 0 P 0
L 2.035 3.0933306 2.0433306 3.085 0 P 0
L 2.035 3.1266532 2.035 3.0933306 0 P 0
L 2.0354622 1.9375112 2.0271315 1.9458418 0 P 0
L 2.0433306 3.085 2.0599919 3.085 0 P 0
L 2.0433306 3.1349838 2.035 3.1266532 0 P 0
L 2.0450461 1.6863296 2.0533768 1.6946602 0 P 0
L 2.0450461 1.7363134 2.0283848 1.7363134 0 P 0
L 2.0533768 1.7279828 2.0450461 1.7363134 0 P 0
L 2.0599919 3.085 2.0683226 3.0933306 0 P 0
L 2.0599919 3.1349838 2.0433306 3.1349838 0 P 0
L 2.0683226 3.1266532 2.0599919 3.1349838 0 P 0
L 2.0875 1.5733306 2.0958306 1.565 0 P 0
L 2.0875 1.6066532 2.0875 1.5733306 0 P 0
L 2.09 1.8033306 2.0983306 1.795 0 P 0
L 2.09 1.8366532 2.09 1.8033306 0 P 0
L 2.0958306 1.565 2.1124919 1.565 0 P 0
L 2.0958306 1.6149838 2.0875 1.6066532 0 P 0
L 2.0983306 1.795 2.1149919 1.795 0 P 0
L 2.0983306 1.8449838 2.09 1.8366532 0 P 0
L 2.1124919 1.565 2.1208226 1.5733306 0 P 0
L 2.1124919 1.6149838 2.0958306 1.6149838 0 P 0
L 2.1149919 1.795 2.1233226 1.8033306 0 P 0
L 2.1149919 1.8449838 2.0983306 1.8449838 0 P 0
L 2.1208226 1.6066532 2.1124919 1.6149838 0 P 0
L 2.1233226 1.8366532 2.1149919 1.8449838 0 P 0
L 2.13 0.7533306 2.1383306 0.745 0 P 0
L 2.13 0.7866532 2.13 0.7533306 0 P 0
L 2.13 1.0533306 2.1383306 1.045 0 P 0
L 2.13 1.0866532 2.13 1.0533306 0 P 0
L 2.1383306 0.745 2.1549919 0.745 0 P 0
L 2.1383306 0.7949838 2.13 0.7866532 0 P 0
L 2.1383306 1.045 2.1549919 1.045 0 P 0
L 2.1383306 1.0949838 2.13 1.0866532 0 P 0
L 2.145 3.2483306 2.1533306 3.24 0 P 0
L 2.145 3.2816532 2.145 3.2483306 0 P 0
L 2.15 2.6983306 2.1583306 2.69 0 P 0
L 2.15 2.7316532 2.15 2.6983306 0 P 0
L 2.1533306 3.24 2.1699919 3.24 0 P 0
L 2.1533306 3.2899838 2.145 3.2816532 0 P 0
L 2.1549919 0.745 2.1633226 0.7533306 0 P 0
L 2.1549919 0.7949838 2.1383306 0.7949838 0 P 0
L 2.1549919 1.045 2.1633226 1.0533306 0 P 0
L 2.1549919 1.0949838 2.1383306 1.0949838 0 P 0
L 2.1583306 2.69 2.1749919 2.69 0 P 0
L 2.1583306 2.7399838 2.15 2.7316532 0 P 0
L 2.16 3.3683306 2.1683306 3.36 0 P 0
L 2.16 3.4016532 2.16 3.3683306 0 P 0
L 2.1633226 0.7866532 2.1549919 0.7949838 0 P 0
L 2.1633226 1.0866532 2.1549919 1.0949838 0 P 0
L 2.1683306 3.36 2.1849919 3.36 0 P 0
L 2.1683306 3.4099838 2.16 3.4016532 0 P 0
L 2.1699919 3.24 2.1783226 3.2483306 0 P 0
L 2.1699919 3.2899838 2.1533306 3.2899838 0 P 0
L 2.1749919 2.69 2.1833226 2.6983306 0 P 0
L 2.1749919 2.7399838 2.1583306 2.7399838 0 P 0
L 2.1767028 1.6946602 2.1850334 1.6863296 0 P 0
L 2.1767028 1.7279828 2.1767028 1.6946602 0 P 0
L 2.1783226 3.2816532 2.1699919 3.2899838 0 P 0
L 2.1833226 2.7316532 2.1749919 2.7399838 0 P 0
L 2.1849919 3.36 2.1933226 3.3683306 0 P 0
L 2.1849919 3.4099838 2.1683306 3.4099838 0 P 0
L 2.1850334 1.6863296 2.2016947 1.6863296 0 P 0
L 2.1850334 1.7363134 2.1767028 1.7279828 0 P 0
L 2.1933226 3.4016532 2.1849919 3.4099838 0 P 0
L 2.2016947 1.6863296 2.2100254 1.6946602 0 P 0
L 2.2016947 1.7363134 2.1850334 1.7363134 0 P 0
L 2.21 1.9983306 2.2183306 1.99 0 P 0
L 2.21 2.0316532 2.21 1.9983306 0 P 0
L 2.21 2.2333306 2.2183306 2.225 0 P 0
L 2.21 2.2666532 2.21 2.2333306 0 P 0
L 2.21 2.3933306 2.2183306 2.385 0 P 0
L 2.21 2.4266532 2.21 2.3933306 0 P 0
L 2.2100254 1.7279828 2.2016947 1.7363134 0 P 0
L 2.2183306 1.99 2.2349919 1.99 0 P 0
L 2.2183306 2.0399838 2.21 2.0316532 0 P 0
L 2.2183306 2.225 2.2349919 2.225 0 P 0
L 2.2183306 2.2749838 2.21 2.2666532 0 P 0
L 2.2183306 2.385 2.2349919 2.385 0 P 0
L 2.2183306 2.4349838 2.21 2.4266532 0 P 0
L 2.2271176 1.8215396 2.2354482 1.813209 0 P 0
L 2.2271176 1.8548622 2.2271176 1.8215396 0 P 0
L 2.2349919 1.99 2.2433226 1.9983306 0 P 0
L 2.2349919 2.0399838 2.2183306 2.0399838 0 P 0
L 2.2349919 2.225 2.2433226 2.2333306 0 P 0
L 2.2349919 2.2749838 2.2183306 2.2749838 0 P 0
L 2.2349919 2.385 2.2433226 2.3933306 0 P 0
L 2.2349919 2.4349838 2.2183306 2.4349838 0 P 0
L 2.2354482 1.813209 2.2521095 1.813209 0 P 0
L 2.2354482 1.8631928 2.2271176 1.8548622 0 P 0
L 2.2433226 2.0316532 2.2349919 2.0399838 0 P 0
L 2.2433226 2.2666532 2.2349919 2.2749838 0 P 0
L 2.2433226 2.4266532 2.2349919 2.4349838 0 P 0
L 2.2521095 1.813209 2.2604402 1.8215396 0 P 0
L 2.2521095 1.8631928 2.2354482 1.8631928 0 P 0
L 2.255 1.5733306 2.2633306 1.565 0 P 0
L 2.255 1.6066532 2.255 1.5733306 0 P 0
L 2.2604402 1.8548622 2.2521095 1.8631928 0 P 0
L 2.2633306 1.565 2.2799919 1.565 0 P 0
L 2.2633306 1.6149838 2.255 1.6066532 0 P 0
L 2.2799919 1.565 2.2883226 1.5733306 0 P 0
L 2.2799919 1.6149838 2.2633306 1.6149838 0 P 0
L 2.2883226 1.6066532 2.2799919 1.6149838 0 P 0
L 2.305 2.8733306 2.3133306 2.865 0 P 0
L 2.305 2.9066532 2.305 2.8733306 0 P 0
L 2.31 2.0783306 2.3183306 2.07 0 P 0
L 2.31 2.1116532 2.31 2.0783306 0 P 0
L 2.3133306 2.865 2.3299919 2.865 0 P 0
L 2.3133306 2.9149838 2.305 2.9066532 0 P 0
L 2.3183306 2.07 2.3349919 2.07 0 P 0
L 2.3183306 2.1199838 2.31 2.1116532 0 P 0
L 2.3299919 2.865 2.3383226 2.8733306 0 P 0
L 2.3299919 2.9149838 2.3133306 2.9149838 0 P 0
L 2.3333514 1.6946602 2.341682 1.6863296 0 P 0
L 2.3333514 1.7279828 2.3333514 1.6946602 0 P 0
L 2.3349919 2.07 2.3433226 2.0783306 0 P 0
L 2.3349919 2.1199838 2.3183306 2.1199838 0 P 0
L 2.3383226 2.9066532 2.3299919 2.9149838 0 P 0
L 2.341682 1.6863296 2.3583433 1.6863296 0 P 0
L 2.341682 1.7363134 2.3333514 1.7279828 0 P 0
L 2.3433226 2.1116532 2.3349919 2.1199838 0 P 0
L 2.3567716 0.72 2.3667716 0.72 0 P 0
L 2.3567716 0.72 2.3667716 0.73 0 P 0
L 2.3567716 0.74 2.3667716 0.73 0 P 0
L 2.3567716 0.74 2.3667716 0.74 0 P 0
L 2.3583433 1.6863296 2.366674 1.6946602 0 P 0
L 2.3583433 1.7363134 2.341682 1.7363134 0 P 0
L 2.366674 1.7279828 2.3583433 1.7363134 0 P 0
L 2.3667716 0.72 2.3767716 0.71 0 P 0
L 2.3667716 0.74 2.3767716 0.75 0 P 0
L 2.37 0.6 2.39 0.56 0 P 0
L 2.37 0.6 2.41 0.6 0 P 0
L 2.3767716 0.71 2.3867716 0.72 0 P 0
L 2.3767716 0.75 2.3867716 0.74 0 P 0
L 2.38 2.1783306 2.3883306 2.17 0 P 0
L 2.38 2.2116532 2.38 2.1783306 0 P 0
L 2.38 2.5933306 2.3883306 2.585 0 P 0
L 2.38 2.6266532 2.38 2.5933306 0 P 0
L 2.3867716 0.72 2.3967716 0.72 0 P 0
L 2.3867716 0.73 2.3967716 0.72 0 P 0
L 2.3867716 0.73 2.3967716 0.74 0 P 0
L 2.3867716 0.74 2.3967716 0.74 0 P 0
L 2.3883306 2.17 2.4049919 2.17 0 P 0
L 2.3883306 2.2199838 2.38 2.2116532 0 P 0
L 2.3883306 2.585 2.4049919 2.585 0 P 0
L 2.3883306 2.6349838 2.38 2.6266532 0 P 0
L 2.39 0.56 2.41 0.6 0 P 0
L 2.39 1.8183306 2.3983306 1.81 0 P 0
L 2.39 1.8516532 2.39 1.8183306 0 P 0
L 2.3983306 1.81 2.4149919 1.81 0 P 0
L 2.3983306 1.8599838 2.39 1.8516532 0 P 0
L 2.4049919 2.17 2.4133226 2.1783306 0 P 0
L 2.4049919 2.2199838 2.3883306 2.2199838 0 P 0
L 2.4049919 2.585 2.4133226 2.5933306 0 P 0
L 2.4049919 2.6349838 2.3883306 2.6349838 0 P 0
L 2.4133226 2.2116532 2.4049919 2.2199838 0 P 0
L 2.4133226 2.6266532 2.4049919 2.6349838 0 P 0
L 2.4149919 1.81 2.4233226 1.8183306 0 P 0
L 2.4149919 1.8599838 2.3983306 1.8599838 0 P 0
L 2.4225 1.5733306 2.4308306 1.565 0 P 0
L 2.4225 1.6066532 2.4225 1.5733306 0 P 0
L 2.4233226 1.8516532 2.4149919 1.8599838 0 P 0
L 2.4308306 1.565 2.4474919 1.565 0 P 0
L 2.4308306 1.6149838 2.4225 1.6066532 0 P 0
L 2.44 1.0433306 2.4483306 1.035 0 P 0
L 2.44 1.0766532 2.44 1.0433306 0 P 0
L 2.4474919 1.565 2.4558226 1.5733306 0 P 0
L 2.4474919 1.6149838 2.4308306 1.6149838 0 P 0
L 2.4483306 1.035 2.4649919 1.035 0 P 0
L 2.4483306 1.0849838 2.44 1.0766532 0 P 0
L 2.4558226 1.6066532 2.4474919 1.6149838 0 P 0
L 2.4649919 1.035 2.4733226 1.0433306 0 P 0
L 2.4649919 1.0849838 2.4483306 1.0849838 0 P 0
L 2.4650394 2.235748 2.4750394 2.235748 0 P 0
L 2.4650394 2.235748 2.4750394 2.245748 0 P 0
L 2.4650394 2.255748 2.4750394 2.245748 0 P 0
L 2.4650394 2.255748 2.4750394 2.255748 0 P 0
L 2.4733226 1.0766532 2.4649919 1.0849838 0 P 0
L 2.4750394 2.235748 2.4850394 2.225748 0 P 0
L 2.4750394 2.255748 2.4850394 2.265748 0 P 0
L 2.4850394 2.225748 2.4950394 2.235748 0 P 0
L 2.4850394 2.265748 2.4950394 2.255748 0 P 0
L 2.49 1.6946602 2.4983306 1.6863296 0 P 0
L 2.49 1.7279828 2.49 1.6946602 0 P 0
L 2.4950394 2.235748 2.5050394 2.235748 0 P 0
L 2.4950394 2.245748 2.5050394 2.235748 0 P 0
L 2.4950394 2.245748 2.5050394 2.255748 0 P 0
L 2.4950394 2.255748 2.5050394 2.255748 0 P 0
L 2.4983306 1.6863296 2.5149919 1.6863296 0 P 0
L 2.4983306 1.7363134 2.49 1.7279828 0 P 0
L 2.5149919 1.6863296 2.5233226 1.6946602 0 P 0
L 2.5149919 1.7363134 2.4983306 1.7363134 0 P 0
L 2.52 3.1583306 2.5283306 3.15 0 P 0
L 2.52 3.1916532 2.52 3.1583306 0 P 0
L 2.5233226 1.7279828 2.5149919 1.7363134 0 P 0
L 2.525 3.0683306 2.5333306 3.06 0 P 0
L 2.525 3.1016532 2.525 3.0683306 0 P 0
L 2.5283306 3.15 2.5449919 3.15 0 P 0
L 2.5283306 3.1999838 2.52 3.1916532 0 P 0
L 2.53 2.9683306 2.5383306 2.96 0 P 0
L 2.53 3.0016532 2.53 2.9683306 0 P 0
L 2.5333306 3.06 2.5499919 3.06 0 P 0
L 2.5333306 3.1099838 2.525 3.1016532 0 P 0
L 2.5383306 2.96 2.5549919 2.96 0 P 0
L 2.5383306 3.0099838 2.53 3.0016532 0 P 0
L 2.5449919 3.15 2.5533226 3.1583306 0 P 0
L 2.5449919 3.1999838 2.5283306 3.1999838 0 P 0
L 2.5497564 0.1667872 2.558087 0.1584566 0 P 0
L 2.5497564 0.2001098 2.5497564 0.1667872 0 P 0
L 2.5499919 3.06 2.5583226 3.0683306 0 P 0
L 2.5499919 3.1099838 2.5333306 3.1099838 0 P 0
L 2.55 1.8533306 2.5583306 1.845 0 P 0
L 2.55 1.8866532 2.55 1.8533306 0 P 0
L 2.5533226 3.1916532 2.5449919 3.1999838 0 P 0
L 2.5549919 2.96 2.5633226 2.9683306 0 P 0
L 2.5549919 3.0099838 2.5383306 3.0099838 0 P 0
L 2.558087 0.1584566 2.5747483 0.1584566 0 P 0
L 2.558087 0.2084404 2.5497564 0.2001098 0 P 0
L 2.5583226 3.1016532 2.5499919 3.1099838 0 P 0
L 2.5583306 1.845 2.5749919 1.845 0 P 0
L 2.5583306 1.8949838 2.55 1.8866532 0 P 0
L 2.5633226 3.0016532 2.5549919 3.0099838 0 P 0
L 2.5747483 0.1584566 2.583079 0.1667872 0 P 0
L 2.5747483 0.2084404 2.558087 0.2084404 0 P 0
L 2.5749919 1.845 2.5833226 1.8533306 0 P 0
L 2.5749919 1.8949838 2.5583306 1.8949838 0 P 0
L 2.583079 0.2001098 2.5747483 0.2084404 0 P 0
L 2.5833226 1.8866532 2.5749919 1.8949838 0 P 0
L 2.59 1.5733306 2.5983306 1.565 0 P 0
L 2.59 1.6066532 2.59 1.5733306 0 P 0
L 2.593 0.72 2.603 0.72 0 P 0
L 2.593 0.72 2.603 0.73 0 P 0
L 2.593 0.74 2.603 0.73 0 P 0
L 2.593 0.74 2.603 0.74 0 P 0
L 2.5983306 1.565 2.6149919 1.565 0 P 0
L 2.5983306 1.6149838 2.59 1.6066532 0 P 0
L 2.603 0.72 2.613 0.71 0 P 0
L 2.603 0.74 2.613 0.75 0 P 0
L 2.613 0.71 2.623 0.72 0 P 0
L 2.613 0.75 2.623 0.74 0 P 0
L 2.6149919 1.565 2.6233226 1.5733306 0 P 0
L 2.6149919 1.6149838 2.5983306 1.6149838 0 P 0
L 2.623 0.72 2.633 0.72 0 P 0
L 2.623 0.73 2.633 0.72 0 P 0
L 2.623 0.73 2.633 0.74 0 P 0
L 2.623 0.74 2.633 0.74 0 P 0
L 2.6233226 1.6066532 2.6149919 1.6149838 0 P 0
L 2.6296748 2.157017 2.6380054 2.1486864 0 P 0
L 2.6296748 2.1903396 2.6296748 2.157017 0 P 0
L 2.635 2.3233306 2.6433306 2.315 0 P 0
L 2.635 2.3566532 2.635 2.3233306 0 P 0
L 2.6380054 2.1486864 2.6546667 2.1486864 0 P 0
L 2.6380054 2.1986702 2.6296748 2.1903396 0 P 0
L 2.6433306 2.315 2.6599919 2.315 0 P 0
L 2.6433306 2.3649838 2.635 2.3566532 0 P 0
L 2.645 0.4483306 2.6533306 0.44 0 P 0
L 2.645 0.4816532 2.645 0.4483306 0 P 0
L 2.6533306 0.44 2.6699919 0.44 0 P 0
L 2.6533306 0.4899838 2.645 0.4816532 0 P 0
L 2.6546667 2.1486864 2.6629974 2.157017 0 P 0
L 2.6546667 2.1986702 2.6380054 2.1986702 0 P 0
L 2.6599919 2.315 2.6683226 2.3233306 0 P 0
L 2.6599919 2.3649838 2.6433306 2.3649838 0 P 0
L 2.6629974 2.1903396 2.6546667 2.1986702 0 P 0
L 2.6683226 2.3566532 2.6599919 2.3649838 0 P 0
L 2.6699919 0.44 2.6783226 0.4483306 0 P 0
L 2.6699919 0.4899838 2.6533306 0.4899838 0 P 0
L 2.67 2.6783306 2.6783306 2.67 0 P 0
L 2.67 2.7116532 2.67 2.6783306 0 P 0
L 2.6783226 0.4816532 2.6699919 0.4899838 0 P 0
L 2.6783306 2.67 2.6949919 2.67 0 P 0
L 2.6783306 2.7199838 2.67 2.7116532 0 P 0
L 2.6949919 2.67 2.7033226 2.6783306 0 P 0
L 2.6949919 2.7199838 2.6783306 2.7199838 0 P 0
L 2.7 1.0383306 2.7083306 1.03 0 P 0
L 2.7 1.0716532 2.7 1.0383306 0 P 0
L 2.7033226 2.7116532 2.6949919 2.7199838 0 P 0
L 2.7083306 1.03 2.7249919 1.03 0 P 0
L 2.7083306 1.0799838 2.7 1.0716532 0 P 0
L 2.7249919 1.03 2.7333226 1.0383306 0 P 0
L 2.7249919 1.0799838 2.7083306 1.0799838 0 P 0
L 2.7333226 1.0716532 2.7249919 1.0799838 0 P 0
L 2.765 3.165 2.785 3.125 0 P 0
L 2.765 3.165 2.805 3.165 0 P 0
L 2.773 3.157 2.785 3.133 0 P 0
L 2.773 3.157 2.797 3.157 0 P 0
L 2.78 0.72 2.79 0.72 0 P 0
L 2.78 0.72 2.79 0.73 0 P 0
L 2.78 0.74 2.79 0.73 0 P 0
L 2.78 0.74 2.79 0.74 0 P 0
L 2.78 2.0428346 2.79 2.0428346 0 P 0
L 2.78 2.0428346 2.79 2.0528346 0 P 0
L 2.78 2.0628346 2.79 2.0528346 0 P 0
L 2.78 2.0628346 2.79 2.0628346 0 P 0
L 2.78 2.235748 2.79 2.235748 0 P 0
L 2.78 2.235748 2.79 2.245748 0 P 0
L 2.78 2.255748 2.79 2.245748 0 P 0
L 2.78 2.255748 2.79 2.255748 0 P 0
L 2.785 3.125 2.805 3.165 0 P 0
L 2.785 3.133 2.797 3.157 0 P 0
L 2.79 0.72 2.8 0.71 0 P 0
L 2.79 0.74 2.8 0.75 0 P 0
L 2.79 2.0428346 2.8 2.0328346 0 P 0
L 2.79 2.0628346 2.8 2.0728346 0 P 0
L 2.79 2.235748 2.8 2.225748 0 P 0
L 2.79 2.255748 2.8 2.265748 0 P 0
L 2.7932952 2.8920816 2.8016258 2.883751 0 P 0
L 2.7932952 2.9254042 2.7932952 2.8920816 0 P 0
L 2.795 3.4083306 2.8033306 3.4 0 P 0
L 2.795 3.4416532 2.795 3.4083306 0 P 0
L 2.8 0.71 2.81 0.72 0 P 0
L 2.8 0.75 2.81 0.74 0 P 0
L 2.8 2.0328346 2.81 2.0428346 0 P 0
L 2.8 2.0728346 2.81 2.0628346 0 P 0
L 2.8 2.225748 2.81 2.235748 0 P 0
L 2.8 2.265748 2.81 2.255748 0 P 0
L 2.8016258 2.883751 2.8182871 2.883751 0 P 0
L 2.8016258 2.9337348 2.7932952 2.9254042 0 P 0
L 2.8033306 3.4 2.8199919 3.4 0 P 0
L 2.8033306 3.4499838 2.795 3.4416532 0 P 0
L 2.805 0.4483306 2.8133306 0.44 0 P 0
L 2.805 0.4816532 2.805 0.4483306 0 P 0
L 2.81 0.72 2.82 0.72 0 P 0
L 2.81 0.73 2.82 0.72 0 P 0
L 2.81 0.73 2.82 0.74 0 P 0
L 2.81 0.74 2.82 0.74 0 P 0
L 2.81 2.0428346 2.82 2.0428346 0 P 0
L 2.81 2.0528346 2.82 2.0428346 0 P 0
L 2.81 2.0528346 2.82 2.0628346 0 P 0
L 2.81 2.0628346 2.82 2.0628346 0 P 0
L 2.81 2.235748 2.82 2.235748 0 P 0
L 2.81 2.245748 2.82 2.235748 0 P 0
L 2.81 2.245748 2.82 2.255748 0 P 0
L 2.81 2.255748 2.82 2.255748 0 P 0
L 2.8133306 0.44 2.8299919 0.44 0 P 0
L 2.8133306 0.4899838 2.805 0.4816532 0 P 0
L 2.8182871 2.883751 2.8266178 2.8920816 0 P 0
L 2.8182871 2.9337348 2.8016258 2.9337348 0 P 0
L 2.8199919 3.4 2.8283226 3.4083306 0 P 0
L 2.8199919 3.4499838 2.8033306 3.4499838 0 P 0
L 2.8266178 2.9254042 2.8182871 2.9337348 0 P 0
L 2.8283226 3.4416532 2.8199919 3.4499838 0 P 0
L 2.8299919 0.44 2.8383226 0.4483306 0 P 0
L 2.8299919 0.4899838 2.8133306 0.4899838 0 P 0
L 2.8383226 0.4816532 2.8299919 0.4899838 0 P 0
L 2.865 3.0853306 2.8733306 3.077 0 P 0
L 2.865 3.1186532 2.865 3.0853306 0 P 0
L 2.865 3.1573306 2.8733306 3.149 0 P 0
L 2.865 3.1906532 2.865 3.1573306 0 P 0
L 2.865 3.2293306 2.8733306 3.221 0 P 0
L 2.865 3.2626532 2.865 3.2293306 0 P 0
L 2.8733306 3.077 2.8899919 3.077 0 P 0
L 2.8733306 3.1269838 2.865 3.1186532 0 P 0
L 2.8733306 3.149 2.8899919 3.149 0 P 0
L 2.8733306 3.1989838 2.865 3.1906532 0 P 0
L 2.8733306 3.221 2.8899919 3.221 0 P 0
L 2.8733306 3.2709838 2.865 3.2626532 0 P 0
L 2.8899919 3.077 2.8983226 3.0853306 0 P 0
L 2.8899919 3.1269838 2.8733306 3.1269838 0 P 0
L 2.8899919 3.149 2.8983226 3.1573306 0 P 0
L 2.8899919 3.1989838 2.8733306 3.1989838 0 P 0
L 2.8899919 3.221 2.8983226 3.2293306 0 P 0
L 2.8899919 3.2709838 2.8733306 3.2709838 0 P 0
L 2.8983226 3.1186532 2.8899919 3.1269838 0 P 0
L 2.8983226 3.1906532 2.8899919 3.1989838 0 P 0
L 2.8983226 3.2626532 2.8899919 3.2709838 0 P 0
L 2.915 2.985 2.925 2.985 0 P 0
L 2.915 2.985 2.925 2.995 0 P 0
L 2.915 3.005 2.925 2.995 0 P 0
L 2.915 3.005 2.925 3.005 0 P 0
L 2.915 3.29 2.925 3.29 0 P 0
L 2.915 3.29 2.925 3.3 0 P 0
L 2.915 3.31 2.925 3.3 0 P 0
L 2.915 3.31 2.925 3.31 0 P 0
L 2.92 0.235 2.93 0.235 0 P 0
L 2.92 0.235 2.93 0.245 0 P 0
L 2.92 0.255 2.93 0.245 0 P 0
L 2.92 0.255 2.93 0.255 0 P 0
L 2.92 0.335 2.93 0.335 0 P 0
L 2.92 0.335 2.93 0.345 0 P 0
L 2.92 0.355 2.93 0.345 0 P 0
L 2.92 0.355 2.93 0.355 0 P 0
L 2.923 2.989 2.929 2.989 0 P 0
L 2.923 2.989 2.929 2.995 0 P 0
L 2.923 3.001 2.929 2.995 0 P 0
L 2.923 3.001 2.929 3.001 0 P 0
L 2.923 3.294 2.929 3.294 0 P 0
L 2.923 3.294 2.929 3.3 0 P 0
L 2.923 3.306 2.929 3.3 0 P 0
L 2.923 3.306 2.929 3.306 0 P 0
L 2.925 2.985 2.935 2.975 0 P 0
L 2.925 3.005 2.935 3.015 0 P 0
L 2.925 3.29 2.935 3.28 0 P 0
L 2.925 3.31 2.935 3.32 0 P 0
L 2.929 2.989 2.935 2.983 0 P 0
L 2.929 3.001 2.935 3.007 0 P 0
L 2.929 3.294 2.935 3.288 0 P 0
L 2.929 3.306 2.935 3.312 0 P 0
L 2.93 0.235 2.94 0.225 0 P 0
L 2.93 0.255 2.94 0.265 0 P 0
L 2.93 0.335 2.94 0.325 0 P 0
L 2.93 0.355 2.94 0.365 0 P 0
L 2.935 2.975 2.945 2.985 0 P 0
L 2.935 2.983 2.941 2.989 0 P 0
L 2.935 3.007 2.941 3.001 0 P 0
L 2.935 3.015 2.945 3.005 0 P 0
L 2.935 3.28 2.945 3.29 0 P 0
L 2.935 3.288 2.941 3.294 0 P 0
L 2.935 3.312 2.941 3.306 0 P 0
L 2.935 3.32 2.945 3.31 0 P 0
L 2.938 3.0853306 2.9463306 3.077 0 P 0
L 2.938 3.1186532 2.938 3.0853306 0 P 0
L 2.938 3.1573306 2.9463306 3.149 0 P 0
L 2.938 3.1906532 2.938 3.1573306 0 P 0
L 2.938 3.2293306 2.9463306 3.221 0 P 0
L 2.938 3.2626532 2.938 3.2293306 0 P 0
L 2.94 0.225 2.95 0.235 0 P 0
L 2.94 0.265 2.95 0.255 0 P 0
L 2.94 0.325 2.95 0.335 0 P 0
L 2.94 0.365 2.95 0.355 0 P 0
L 2.941 2.989 2.947 2.989 0 P 0
L 2.941 2.995 2.947 2.989 0 P 0
L 2.941 2.995 2.947 3.001 0 P 0
L 2.941 3.001 2.947 3.001 0 P 0
L 2.941 3.294 2.947 3.294 0 P 0
L 2.941 3.3 2.947 3.294 0 P 0
L 2.941 3.3 2.947 3.306 0 P 0
L 2.941 3.306 2.947 3.306 0 P 0
L 2.945 2.985 2.955 2.985 0 P 0
L 2.945 2.995 2.955 2.985 0 P 0
L 2.945 2.995 2.955 3.005 0 P 0
L 2.945 3.005 2.955 3.005 0 P 0
L 2.945 3.29 2.955 3.29 0 P 0
L 2.945 3.3 2.955 3.29 0 P 0
L 2.945 3.3 2.955 3.31 0 P 0
L 2.945 3.31 2.955 3.31 0 P 0
L 2.9463306 3.077 2.9629919 3.077 0 P 0
L 2.9463306 3.1269838 2.938 3.1186532 0 P 0
L 2.9463306 3.149 2.9629919 3.149 0 P 0
L 2.9463306 3.1989838 2.938 3.1906532 0 P 0
L 2.9463306 3.221 2.9629919 3.221 0 P 0
L 2.9463306 3.2709838 2.938 3.2626532 0 P 0
L 2.9464788 2.8988898 2.9548094 2.8905592 0 P 0
L 2.9464788 2.9322124 2.9464788 2.8988898 0 P 0
L 2.95 0.235 2.96 0.235 0 P 0
L 2.95 0.245 2.96 0.235 0 P 0
L 2.95 0.245 2.96 0.255 0 P 0
L 2.95 0.255 2.96 0.255 0 P 0
L 2.95 0.335 2.96 0.335 0 P 0
L 2.95 0.345 2.96 0.335 0 P 0
L 2.95 0.345 2.96 0.355 0 P 0
L 2.95 0.355 2.96 0.355 0 P 0
L 2.95 2.3033306 2.9583306 2.295 0 P 0
L 2.95 2.3366532 2.95 2.3033306 0 P 0
L 2.95 3.4083306 2.9583306 3.4 0 P 0
L 2.95 3.4416532 2.95 3.4083306 0 P 0
L 2.9548094 2.8905592 2.9714707 2.8905592 0 P 0
L 2.9548094 2.940543 2.9464788 2.9322124 0 P 0
L 2.955 2.5337426 2.9633306 2.525412 0 P 0
L 2.955 2.5670652 2.955 2.5337426 0 P 0
L 2.9555273 2.6638579 2.9638579 2.6555273 0 P 0
L 2.9555273 2.6971805 2.9555273 2.6638579 0 P 0
L 2.9583306 2.295 2.9749919 2.295 0 P 0
L 2.9583306 2.3449838 2.95 2.3366532 0 P 0
L 2.9583306 3.4 2.9749919 3.4 0 P 0
L 2.9583306 3.4499838 2.95 3.4416532 0 P 0
L 2.9629919 3.077 2.9713226 3.0853306 0 P 0
L 2.9629919 3.1269838 2.9463306 3.1269838 0 P 0
L 2.9629919 3.149 2.9713226 3.1573306 0 P 0
L 2.9629919 3.1989838 2.9463306 3.1989838 0 P 0
L 2.9629919 3.221 2.9713226 3.2293306 0 P 0
L 2.9629919 3.2709838 2.9463306 3.2709838 0 P 0
L 2.9633306 2.525412 2.9799919 2.525412 0 P 0
L 2.9633306 2.5753958 2.955 2.5670652 0 P 0
L 2.9638579 2.6555273 2.9805192 2.6555273 0 P 0
L 2.9638579 2.7055111 2.9555273 2.6971805 0 P 0
L 2.9713226 3.1186532 2.9629919 3.1269838 0 P 0
L 2.9713226 3.1906532 2.9629919 3.1989838 0 P 0
L 2.9713226 3.2626532 2.9629919 3.2709838 0 P 0
L 2.9714707 2.8905592 2.9798014 2.8988898 0 P 0
L 2.9714707 2.940543 2.9548094 2.940543 0 P 0
L 2.9749919 2.295 2.9833226 2.3033306 0 P 0
L 2.9749919 2.3449838 2.9583306 2.3449838 0 P 0
L 2.9749919 3.4 2.9833226 3.4083306 0 P 0
L 2.9749919 3.4499838 2.9583306 3.4499838 0 P 0
L 2.9798014 2.9322124 2.9714707 2.940543 0 P 0
L 2.9799919 2.525412 2.9883226 2.5337426 0 P 0
L 2.9799919 2.5753958 2.9633306 2.5753958 0 P 0
L 2.9805192 2.6555273 2.9888499 2.6638579 0 P 0
L 2.9805192 2.7055111 2.9638579 2.7055111 0 P 0
L 2.9833226 2.3366532 2.9749919 2.3449838 0 P 0
L 2.9833226 3.4416532 2.9749919 3.4499838 0 P 0
L 2.9883226 2.5670652 2.9799919 2.5753958 0 P 0
L 2.9888499 2.6971805 2.9805192 2.7055111 0 P 0
L 3.005 2.2483306 3.0133306 2.24 0 P 0
L 3.005 2.2816532 3.005 2.2483306 0 P 0
L 3.011 3.0853306 3.0193306 3.077 0 P 0
L 3.011 3.1186532 3.011 3.0853306 0 P 0
L 3.011 3.1573306 3.0193306 3.149 0 P 0
L 3.011 3.1906532 3.011 3.1573306 0 P 0
L 3.011 3.2293306 3.0193306 3.221 0 P 0
L 3.011 3.2626532 3.011 3.2293306 0 P 0
L 3.0133306 2.24 3.0299919 2.24 0 P 0
L 3.0133306 2.2899838 3.005 2.2816532 0 P 0
L 3.0193306 3.077 3.0359919 3.077 0 P 0
L 3.0193306 3.1269838 3.011 3.1186532 0 P 0
L 3.0193306 3.149 3.0359919 3.149 0 P 0
L 3.0193306 3.1989838 3.011 3.1906532 0 P 0
L 3.0193306 3.221 3.0359919 3.221 0 P 0
L 3.0193306 3.2709838 3.011 3.2626532 0 P 0
L 3.02 0.235 3.03 0.235 0 P 0
L 3.02 0.235 3.03 0.245 0 P 0
L 3.02 0.255 3.03 0.245 0 P 0
L 3.02 0.255 3.03 0.255 0 P 0
L 3.02 0.335 3.03 0.335 0 P 0
L 3.02 0.335 3.03 0.345 0 P 0
L 3.02 0.355 3.03 0.345 0 P 0
L 3.02 0.355 3.03 0.355 0 P 0
L 3.0299919 2.24 3.0383226 2.2483306 0 P 0
L 3.0299919 2.2899838 3.0133306 2.2899838 0 P 0
L 3.03 0.235 3.04 0.225 0 P 0
L 3.03 0.255 3.04 0.265 0 P 0
L 3.03 0.335 3.04 0.325 0 P 0
L 3.03 0.355 3.04 0.365 0 P 0
L 3.0359919 3.077 3.0443226 3.0853306 0 P 0
L 3.0359919 3.1269838 3.0193306 3.1269838 0 P 0
L 3.0359919 3.149 3.0443226 3.1573306 0 P 0
L 3.0359919 3.1989838 3.0193306 3.1989838 0 P 0
L 3.0359919 3.221 3.0443226 3.2293306 0 P 0
L 3.0359919 3.2709838 3.0193306 3.2709838 0 P 0
L 3.0383226 2.2816532 3.0299919 2.2899838 0 P 0
L 3.04 0.225 3.05 0.235 0 P 0
L 3.04 0.265 3.05 0.255 0 P 0
L 3.04 0.325 3.05 0.335 0 P 0
L 3.04 0.365 3.05 0.355 0 P 0
L 3.0443226 3.1186532 3.0359919 3.1269838 0 P 0
L 3.0443226 3.1906532 3.0359919 3.1989838 0 P 0
L 3.0443226 3.2626532 3.0359919 3.2709838 0 P 0
L 3.05 0.235 3.06 0.235 0 P 0
L 3.05 0.245 3.06 0.235 0 P 0
L 3.05 0.245 3.06 0.255 0 P 0
L 3.05 0.255 3.06 0.255 0 P 0
L 3.05 0.335 3.06 0.335 0 P 0
L 3.05 0.345 3.06 0.335 0 P 0
L 3.05 0.345 3.06 0.355 0 P 0
L 3.05 0.355 3.06 0.355 0 P 0
L 3.05 2.6583306 3.0583306 2.65 0 P 0
L 3.05 2.6916532 3.05 2.6583306 0 P 0
L 3.0583306 2.65 3.0749919 2.65 0 P 0
L 3.0583306 2.6999838 3.05 2.6916532 0 P 0
L 3.06 3.17 3.08 3.13 0 P 0
L 3.06 3.17 3.1 3.17 0 P 0
L 3.065 2.3033306 3.0733306 2.295 0 P 0
L 3.065 2.3366532 3.065 2.3033306 0 P 0
L 3.068 3.162 3.08 3.138 0 P 0
L 3.068 3.162 3.092 3.162 0 P 0
L 3.0733306 2.295 3.0899919 2.295 0 P 0
L 3.0733306 2.3449838 3.065 2.3366532 0 P 0
L 3.0749919 2.65 3.0833226 2.6583306 0 P 0
L 3.0749919 2.6999838 3.0583306 2.6999838 0 P 0
L 3.08 3.13 3.1 3.17 0 P 0
L 3.08 3.138 3.092 3.162 0 P 0
L 3.0833226 2.6916532 3.0749919 2.6999838 0 P 0
L 3.0894498 3.402693 3.0977804 3.3943624 0 P 0
L 3.0894498 3.4360156 3.0894498 3.402693 0 P 0
L 3.0899919 2.295 3.0983226 2.3033306 0 P 0
L 3.0899919 2.3449838 3.0733306 2.3449838 0 P 0
L 3.0977804 3.3943624 3.1144417 3.3943624 0 P 0
L 3.0977804 3.4443462 3.0894498 3.4360156 0 P 0
L 3.0983226 2.3366532 3.0899919 2.3449838 0 P 0
L 3.11 3.0133306 3.1183306 3.005 0 P 0
L 3.11 3.0466532 3.11 3.0133306 0 P 0
L 3.1144417 3.3943624 3.1227724 3.402693 0 P 0
L 3.1144417 3.4443462 3.0977804 3.4443462 0 P 0
L 3.1183306 3.005 3.1349919 3.005 0 P 0
L 3.1183306 3.0549838 3.11 3.0466532 0 P 0
L 3.12 0.235 3.13 0.235 0 P 0
L 3.12 0.235 3.13 0.245 0 P 0
L 3.12 0.255 3.13 0.245 0 P 0
L 3.12 0.255 3.13 0.255 0 P 0
L 3.12 2.3933306 3.1283306 2.385 0 P 0
L 3.12 2.4266532 3.12 2.3933306 0 P 0
L 3.1227724 3.4360156 3.1144417 3.4443462 0 P 0
L 3.1283306 2.385 3.1449919 2.385 0 P 0
L 3.1283306 2.4349838 3.12 2.4266532 0 P 0
L 3.13 0.235 3.14 0.225 0 P 0
L 3.13 0.255 3.14 0.265 0 P 0
L 3.1349919 3.005 3.1433226 3.0133306 0 P 0
L 3.1349919 3.0549838 3.1183306 3.0549838 0 P 0
L 3.14 0.225 3.15 0.235 0 P 0
L 3.14 0.265 3.15 0.255 0 P 0
L 3.14 0.345 3.14 0.3783226 0 P 0
L 3.14 0.3783226 3.1566613 0.3949838 0 P 0
L 3.1433226 3.0466532 3.1349919 3.0549838 0 P 0
L 3.1449919 2.385 3.1533226 2.3933306 0 P 0
L 3.1449919 2.4349838 3.1283306 2.4349838 0 P 0
L 3.15 0.235 3.16 0.235 0 P 0
L 3.15 0.245 3.16 0.235 0 P 0
L 3.15 0.245 3.16 0.255 0 P 0
L 3.15 0.255 3.16 0.255 0 P 0
L 3.1533226 2.4266532 3.1449919 2.4349838 0 P 0
L 3.1566613 0.3949838 3.1733226 0.3783226 0 P 0
L 3.1733226 0.345 3.1733226 0.3699919 0 P 0
L 3.1733226 0.3699919 3.14 0.3699919 0 P 0
L 3.1733226 0.3783226 3.1733226 0.345 0 P 0
L 3.18 3.3183306 3.1883306 3.31 0 P 0
L 3.18 3.3516532 3.18 3.3183306 0 P 0
L 3.185 3.1233306 3.1933306 3.115 0 P 0
L 3.185 3.1566532 3.185 3.1233306 0 P 0
L 3.1883306 3.31 3.2049919 3.31 0 P 0
L 3.1883306 3.3599838 3.18 3.3516532 0 P 0
L 3.19 0.9983306 3.1983306 0.99 0 P 0
L 3.19 1.0316532 3.19 0.9983306 0 P 0
L 3.1933306 3.115 3.2099919 3.115 0 P 0
L 3.1933306 3.1649838 3.185 3.1566532 0 P 0
L 3.195 1.5333306 3.2033306 1.525 0 P 0
L 3.195 1.5666532 3.195 1.5333306 0 P 0
L 3.1983306 0.99 3.2149919 0.99 0 P 0
L 3.1983306 1.0399838 3.19 1.0316532 0 P 0
L 3.2 0.82 3.21 0.82 0 P 0
L 3.2 0.82 3.21 0.83 0 P 0
L 3.2 0.84 3.21 0.83 0 P 0
L 3.2 0.84 3.21 0.84 0 P 0
L 3.2 1.12 3.21 1.12 0 P 0
L 3.2 1.12 3.21 1.13 0 P 0
L 3.2 1.14 3.21 1.13 0 P 0
L 3.2 1.14 3.21 1.14 0 P 0
L 3.2 2.3283306 3.2083306 2.32 0 P 0
L 3.2 2.3616532 3.2 2.3283306 0 P 0
L 3.2033306 1.525 3.2199919 1.525 0 P 0
L 3.2033306 1.5749838 3.195 1.5666532 0 P 0
L 3.2049919 3.31 3.2133226 3.3183306 0 P 0
L 3.2049919 3.3599838 3.1883306 3.3599838 0 P 0
L 3.2083306 2.32 3.2249919 2.32 0 P 0
L 3.2083306 2.3699838 3.2 2.3616532 0 P 0
L 3.2099919 3.115 3.2183226 3.1233306 0 P 0
L 3.2099919 3.1649838 3.1933306 3.1649838 0 P 0
L 3.21 0.82 3.22 0.81 0 P 0
L 3.21 0.84 3.22 0.85 0 P 0
L 3.21 1.12 3.22 1.11 0 P 0
L 3.21 1.14 3.22 1.15 0 P 0
L 3.2133226 3.3516532 3.2049919 3.3599838 0 P 0
L 3.2149919 0.99 3.2233226 0.9983306 0 P 0
L 3.2149919 1.0399838 3.1983306 1.0399838 0 P 0
L 3.2183226 3.1566532 3.2099919 3.1649838 0 P 0
L 3.2199919 1.525 3.2283226 1.5333306 0 P 0
L 3.2199919 1.5749838 3.2033306 1.5749838 0 P 0
L 3.22 0.81 3.23 0.82 0 P 0
L 3.22 0.85 3.23 0.84 0 P 0
L 3.22 1.11 3.23 1.12 0 P 0
L 3.22 1.15 3.23 1.14 0 P 0
L 3.2233226 1.0316532 3.2149919 1.0399838 0 P 0
L 3.2249919 2.32 3.2333226 2.3283306 0 P 0
L 3.2249919 2.3699838 3.2083306 2.3699838 0 P 0
L 3.2258393 2.6483306 3.2341699 2.64 0 P 0
L 3.2258393 2.6816532 3.2258393 2.6483306 0 P 0
L 3.2283226 1.5666532 3.2199919 1.5749838 0 P 0
L 3.23 0.82 3.24 0.82 0 P 0
L 3.23 0.83 3.24 0.82 0 P 0
L 3.23 0.83 3.24 0.84 0 P 0
L 3.23 0.84 3.24 0.84 0 P 0
L 3.23 1.12 3.24 1.12 0 P 0
L 3.23 1.13 3.24 1.12 0 P 0
L 3.23 1.13 3.24 1.14 0 P 0
L 3.23 1.14 3.24 1.14 0 P 0
L 3.2333226 2.3616532 3.2249919 2.3699838 0 P 0
L 3.2341699 2.64 3.2508312 2.64 0 P 0
L 3.2341699 2.6899838 3.2258393 2.6816532 0 P 0
L 3.25 1.3483306 3.2583306 1.34 0 P 0
L 3.25 1.3816532 3.25 1.3483306 0 P 0
L 3.2508312 2.64 3.2591619 2.6483306 0 P 0
L 3.2508312 2.6899838 3.2341699 2.6899838 0 P 0
L 3.2583306 1.34 3.2749919 1.34 0 P 0
L 3.2583306 1.3899838 3.25 1.3816532 0 P 0
L 3.2591619 2.6816532 3.2508312 2.6899838 0 P 0
L 3.2749919 1.34 3.2833226 1.3483306 0 P 0
L 3.2749919 1.3899838 3.2583306 1.3899838 0 P 0
L 3.28 1.785 3.29 1.785 0 P 0
L 3.28 1.785 3.29 1.795 0 P 0
L 3.28 1.805 3.29 1.795 0 P 0
L 3.28 1.805 3.29 1.805 0 P 0
L 3.28 1.885 3.29 1.885 0 P 0
L 3.28 1.885 3.29 1.895 0 P 0
L 3.28 1.905 3.29 1.895 0 P 0
L 3.28 1.905 3.29 1.905 0 P 0
L 3.28 1.985 3.29 1.985 0 P 0
L 3.28 1.985 3.29 1.995 0 P 0
L 3.28 2.005 3.29 1.995 0 P 0
L 3.28 2.005 3.29 2.005 0 P 0
L 3.28 2.085 3.29 2.085 0 P 0
L 3.28 2.085 3.29 2.095 0 P 0
L 3.28 2.105 3.29 2.095 0 P 0
L 3.28 2.105 3.29 2.105 0 P 0
L 3.2833226 1.3816532 3.2749919 1.3899838 0 P 0
L 3.29 1.785 3.3 1.775 0 P 0
L 3.29 1.805 3.3 1.815 0 P 0
L 3.29 1.885 3.3 1.875 0 P 0
L 3.29 1.905 3.3 1.915 0 P 0
L 3.29 1.985 3.3 1.975 0 P 0
L 3.29 2.005 3.3 2.015 0 P 0
L 3.29 2.085 3.3 2.075 0 P 0
L 3.29 2.105 3.3 2.115 0 P 0
L 3.3 0.82 3.31 0.82 0 P 0
L 3.3 0.82 3.31 0.83 0 P 0
L 3.3 0.84 3.31 0.83 0 P 0
L 3.3 0.84 3.31 0.84 0 P 0
L 3.3 1.775 3.31 1.785 0 P 0
L 3.3 1.815 3.31 1.805 0 P 0
L 3.3 1.875 3.31 1.885 0 P 0
L 3.3 1.915 3.31 1.905 0 P 0
L 3.3 1.975 3.31 1.985 0 P 0
L 3.3 2.015 3.31 2.005 0 P 0
L 3.3 2.075 3.31 2.085 0 P 0
L 3.3 2.115 3.31 2.105 0 P 0
L 3.3 2.195 3.3 2.2283226 0 P 0
L 3.3 2.2283226 3.3166613 2.2449838 0 P 0
L 3.31 0.82 3.32 0.81 0 P 0
L 3.31 0.84 3.32 0.85 0 P 0
L 3.31 1.785 3.32 1.785 0 P 0
L 3.31 1.795 3.32 1.785 0 P 0
L 3.31 1.795 3.32 1.805 0 P 0
L 3.31 1.805 3.32 1.805 0 P 0
L 3.31 1.885 3.32 1.885 0 P 0
L 3.31 1.895 3.32 1.885 0 P 0
L 3.31 1.895 3.32 1.905 0 P 0
L 3.31 1.905 3.32 1.905 0 P 0
L 3.31 1.985 3.32 1.985 0 P 0
L 3.31 1.995 3.32 1.985 0 P 0
L 3.31 1.995 3.32 2.005 0 P 0
L 3.31 2.005 3.32 2.005 0 P 0
L 3.31 2.085 3.32 2.085 0 P 0
L 3.31 2.095 3.32 2.085 0 P 0
L 3.31 2.095 3.32 2.105 0 P 0
L 3.31 2.105 3.32 2.105 0 P 0
L 3.3166613 2.2449838 3.3333226 2.2283226 0 P 0
L 3.32 0.81 3.33 0.82 0 P 0
L 3.32 0.85 3.33 0.84 0 P 0
L 3.32 1.13 3.32 1.1633226 0 P 0
L 3.32 1.1633226 3.3366613 1.1799838 0 P 0
L 3.33 0.82 3.34 0.82 0 P 0
L 3.33 0.83 3.34 0.82 0 P 0
L 3.33 0.83 3.34 0.84 0 P 0
L 3.33 0.84 3.34 0.84 0 P 0
L 3.3333226 2.195 3.3333226 2.2199919 0 P 0
L 3.3333226 2.2199919 3.3 2.2199919 0 P 0
L 3.3333226 2.2283226 3.3333226 2.195 0 P 0
L 3.3366613 1.1799838 3.3533226 1.1633226 0 P 0
L 3.3533226 1.13 3.3533226 1.1549919 0 P 0
L 3.3533226 1.1549919 3.32 1.1549919 0 P 0
L 3.3533226 1.1633226 3.3533226 1.13 0 P 0
L 3.36 0.9983306 3.3683306 0.99 0 P 0
L 3.36 1.0316532 3.36 0.9983306 0 P 0
L 3.3683306 0.99 3.3849919 0.99 0 P 0
L 3.3683306 1.0399838 3.36 1.0316532 0 P 0
L 3.38 1.785 3.39 1.785 0 P 0
L 3.38 1.785 3.39 1.795 0 P 0
L 3.38 1.805 3.39 1.795 0 P 0
L 3.38 1.805 3.39 1.805 0 P 0
L 3.38 1.885 3.39 1.885 0 P 0
L 3.38 1.885 3.39 1.895 0 P 0
L 3.38 1.905 3.39 1.895 0 P 0
L 3.38 1.905 3.39 1.905 0 P 0
L 3.38 1.985 3.39 1.985 0 P 0
L 3.38 1.985 3.39 1.995 0 P 0
L 3.38 2.005 3.39 1.995 0 P 0
L 3.38 2.005 3.39 2.005 0 P 0
L 3.38 2.085 3.39 2.085 0 P 0
L 3.38 2.085 3.39 2.095 0 P 0
L 3.38 2.105 3.39 2.095 0 P 0
L 3.38 2.105 3.39 2.105 0 P 0
L 3.38 2.185 3.39 2.185 0 P 0
L 3.38 2.185 3.39 2.195 0 P 0
L 3.38 2.205 3.39 2.195 0 P 0
L 3.38 2.205 3.39 2.205 0 P 0
L 3.3849919 0.99 3.3933226 0.9983306 0 P 0
L 3.3849919 1.0399838 3.3683306 1.0399838 0 P 0
L 3.385 1.3483306 3.3933306 1.34 0 P 0
L 3.385 1.3816532 3.385 1.3483306 0 P 0
L 3.39 1.785 3.4 1.775 0 P 0
L 3.39 1.805 3.4 1.815 0 P 0
L 3.39 1.885 3.4 1.875 0 P 0
L 3.39 1.905 3.4 1.915 0 P 0
L 3.39 1.985 3.4 1.975 0 P 0
L 3.39 2.005 3.4 2.015 0 P 0
L 3.39 2.085 3.4 2.075 0 P 0
L 3.39 2.105 3.4 2.115 0 P 0
L 3.39 2.185 3.4 2.175 0 P 0
L 3.39 2.205 3.4 2.215 0 P 0
L 3.3933226 1.0316532 3.3849919 1.0399838 0 P 0
L 3.3933306 1.34 3.4099919 1.34 0 P 0
L 3.3933306 1.3899838 3.385 1.3816532 0 P 0
L 3.4 1.775 3.41 1.785 0 P 0
L 3.4 1.815 3.41 1.805 0 P 0
L 3.4 1.875 3.41 1.885 0 P 0
L 3.4 1.915 3.41 1.905 0 P 0
L 3.4 1.975 3.41 1.985 0 P 0
L 3.4 2.015 3.41 2.005 0 P 0
L 3.4 2.075 3.41 2.085 0 P 0
L 3.4 2.115 3.41 2.105 0 P 0
L 3.4 2.175 3.41 2.185 0 P 0
L 3.4 2.215 3.41 2.205 0 P 0
L 3.4099919 1.34 3.4183226 1.3483306 0 P 0
L 3.4099919 1.3899838 3.3933306 1.3899838 0 P 0
L 3.41 1.785 3.42 1.785 0 P 0
L 3.41 1.795 3.42 1.785 0 P 0
L 3.41 1.795 3.42 1.805 0 P 0
L 3.41 1.805 3.42 1.805 0 P 0
L 3.41 1.885 3.42 1.885 0 P 0
L 3.41 1.895 3.42 1.885 0 P 0
L 3.41 1.895 3.42 1.905 0 P 0
L 3.41 1.905 3.42 1.905 0 P 0
L 3.41 1.985 3.42 1.985 0 P 0
L 3.41 1.995 3.42 1.985 0 P 0
L 3.41 1.995 3.42 2.005 0 P 0
L 3.41 2.005 3.42 2.005 0 P 0
L 3.41 2.085 3.42 2.085 0 P 0
L 3.41 2.095 3.42 2.085 0 P 0
L 3.41 2.095 3.42 2.105 0 P 0
L 3.41 2.105 3.42 2.105 0 P 0
L 3.41 2.185 3.42 2.185 0 P 0
L 3.41 2.195 3.42 2.185 0 P 0
L 3.41 2.195 3.42 2.205 0 P 0
L 3.41 2.205 3.42 2.205 0 P 0
L 3.4183226 1.3816532 3.4099919 1.3899838 0 P 0
L 3.46 1.5283306 3.4683306 1.52 0 P 0
L 3.46 1.5616532 3.46 1.5283306 0 P 0
L 3.4683306 1.52 3.4849919 1.52 0 P 0
L 3.4683306 1.5699838 3.46 1.5616532 0 P 0
L 3.4849919 1.52 3.4933226 1.5283306 0 P 0
L 3.4849919 1.5699838 3.4683306 1.5699838 0 P 0
L 3.485 2.9933306 3.4933306 2.985 0 P 0
L 3.485 3.0266532 3.485 2.9933306 0 P 0
L 3.49 1.3483306 3.4983306 1.34 0 P 0
L 3.49 1.3816532 3.49 1.3483306 0 P 0
L 3.4933226 1.5616532 3.4849919 1.5699838 0 P 0
L 3.4933306 2.985 3.5099919 2.985 0 P 0
L 3.4933306 3.0349838 3.485 3.0266532 0 P 0
L 3.4983306 1.34 3.5149919 1.34 0 P 0
L 3.4983306 1.3899838 3.49 1.3816532 0 P 0
L 3.5 2.4733306 3.5083306 2.465 0 P 0
L 3.5 2.5066532 3.5 2.4733306 0 P 0
L 3.5 2.6208306 3.5083306 2.6125 0 P 0
L 3.5 2.6541532 3.5 2.6208306 0 P 0
L 3.5 2.7683306 3.5083306 2.76 0 P 0
L 3.5 2.8016532 3.5 2.7683306 0 P 0
L 3.5083306 2.465 3.5249919 2.465 0 P 0
L 3.5083306 2.5149838 3.5 2.5066532 0 P 0
L 3.5083306 2.6125 3.5249919 2.6125 0 P 0
L 3.5083306 2.6624838 3.5 2.6541532 0 P 0
L 3.5083306 2.76 3.5249919 2.76 0 P 0
L 3.5083306 2.8099838 3.5 2.8016532 0 P 0
L 3.5099919 2.985 3.5183226 2.9933306 0 P 0
L 3.5099919 3.0349838 3.4933306 3.0349838 0 P 0
L 3.5149919 1.34 3.5233226 1.3483306 0 P 0
L 3.5149919 1.3899838 3.4983306 1.3899838 0 P 0
L 3.5183226 3.0266532 3.5099919 3.0349838 0 P 0
L 3.5233226 1.3816532 3.5149919 1.3899838 0 P 0
L 3.5249919 2.465 3.5333226 2.4733306 0 P 0
L 3.5249919 2.5149838 3.5083306 2.5149838 0 P 0
L 3.5249919 2.6125 3.5333226 2.6208306 0 P 0
L 3.5249919 2.6624838 3.5083306 2.6624838 0 P 0
L 3.5249919 2.76 3.5333226 2.7683306 0 P 0
L 3.5249919 2.8099838 3.5083306 2.8099838 0 P 0
L 3.526066 0.5008852 3.5343966 0.4925546 0 P 0
L 3.526066 0.5342078 3.526066 0.5008852 0 P 0
L 3.526066 0.6733306 3.5343966 0.665 0 P 0
L 3.526066 0.7066532 3.526066 0.6733306 0 P 0
L 3.526066 0.8433306 3.5343966 0.835 0 P 0
L 3.526066 0.8766532 3.526066 0.8433306 0 P 0
L 3.526066 1.0183306 3.5343966 1.01 0 P 0
L 3.526066 1.0516532 3.526066 1.0183306 0 P 0
L 3.53 0.165 3.53 0.185 0 P 0
L 3.53 0.165 3.54 0.165 0 P 0
L 3.53 0.185 3.54 0.185 0 P 0
L 3.53 3.365 3.53 3.385 0 P 0
L 3.53 3.365 3.54 3.365 0 P 0
L 3.53 3.385 3.54 3.385 0 P 0
L 3.5333226 2.5066532 3.5249919 2.5149838 0 P 0
L 3.5333226 2.6541532 3.5249919 2.6624838 0 P 0
L 3.5333226 2.8016532 3.5249919 2.8099838 0 P 0
L 3.5343966 0.4925546 3.5510579 0.4925546 0 P 0
L 3.5343966 0.5425384 3.526066 0.5342078 0 P 0
L 3.5343966 0.665 3.5510579 0.665 0 P 0
L 3.5343966 0.7149838 3.526066 0.7066532 0 P 0
L 3.5343966 0.835 3.5510579 0.835 0 P 0
L 3.5343966 0.8849838 3.526066 0.8766532 0 P 0
L 3.5343966 1.01 3.5510579 1.01 0 P 0
L 3.5343966 1.0599838 3.526066 1.0516532 0 P 0
L 3.538 0.169 3.538 0.181 0 P 0
L 3.538 0.169 3.544 0.169 0 P 0
L 3.538 0.181 3.544 0.181 0 P 0
L 3.538 3.369 3.538 3.381 0 P 0
L 3.538 3.369 3.544 3.369 0 P 0
L 3.538 3.381 3.544 3.381 0 P 0
L 3.54 0.155 3.54 0.165 0 P 0
L 3.54 0.155 3.56 0.155 0 P 0
L 3.54 0.185 3.54 0.195 0 P 0
L 3.54 0.195 3.56 0.195 0 P 0
L 3.54 3.355 3.54 3.365 0 P 0
L 3.54 3.355 3.56 3.355 0 P 0
L 3.54 3.385 3.54 3.395 0 P 0
L 3.54 3.395 3.56 3.395 0 P 0
L 3.544 0.163 3.544 0.169 0 P 0
L 3.544 0.163 3.556 0.163 0 P 0
L 3.544 0.181 3.544 0.187 0 P 0
L 3.544 0.187 3.556 0.187 0 P 0
L 3.544 3.363 3.544 3.369 0 P 0
L 3.544 3.363 3.556 3.363 0 P 0
L 3.544 3.381 3.544 3.387 0 P 0
L 3.544 3.387 3.556 3.387 0 P 0
L 3.5510579 0.4925546 3.5593886 0.5008852 0 P 0
L 3.5510579 0.5425384 3.5343966 0.5425384 0 P 0
L 3.5510579 0.665 3.5593886 0.6733306 0 P 0
L 3.5510579 0.7149838 3.5343966 0.7149838 0 P 0
L 3.5510579 0.835 3.5593886 0.8433306 0 P 0
L 3.5510579 0.8849838 3.5343966 0.8849838 0 P 0
L 3.5510579 1.01 3.5593886 1.0183306 0 P 0
L 3.5510579 1.0599838 3.5343966 1.0599838 0 P 0
L 3.556 0.163 3.556 0.169 0 P 0
L 3.556 0.169 3.562 0.169 0 P 0
L 3.556 0.181 3.556 0.187 0 P 0
L 3.556 0.181 3.562 0.181 0 P 0
L 3.556 3.363 3.556 3.369 0 P 0
L 3.556 3.369 3.562 3.369 0 P 0
L 3.556 3.381 3.556 3.387 0 P 0
L 3.556 3.381 3.562 3.381 0 P 0
L 3.5593886 0.5342078 3.5510579 0.5425384 0 P 0
L 3.5593886 0.7066532 3.5510579 0.7149838 0 P 0
L 3.5593886 0.8766532 3.5510579 0.8849838 0 P 0
L 3.5593886 1.0516532 3.5510579 1.0599838 0 P 0
L 3.56 0.155 3.56 0.165 0 P 0
L 3.56 0.165 3.57 0.165 0 P 0
L 3.56 0.185 3.56 0.195 0 P 0
L 3.56 0.185 3.57 0.185 0 P 0
L 3.56 3.355 3.56 3.365 0 P 0
L 3.56 3.365 3.57 3.365 0 P 0
L 3.56 3.385 3.56 3.395 0 P 0
L 3.56 3.385 3.57 3.385 0 P 0
L 3.562 0.169 3.562 0.181 0 P 0
L 3.562 3.369 3.562 3.381 0 P 0
L 3.57 0.165 3.57 0.185 0 P 0
L 3.57 3.365 3.57 3.385 0 P 0
